accX,accY,accZ,gyrX,gyrY,gyrZ
1685.7861450176324,12355.136383328345,7793.338723662628,-189.44484642434855,169.9039782426957,-60.43591767143327
1475.5476693554124,12395.451689072903,7814.166698922117,-166.23463877559564,98.15154517645328,-41.78173352890276
1622.0496717339713,12370.23715248337,7707.578883732988,-194.44048114342542,75.1551653752165,-26.549059113463912
1716.9862724280235,12345.199267855263,7790.221065695211,-165.84050837778614,170.54394514178736,-44.03540704556434
1730.4706342876627,12259.349153776191,7601.8957017449975,-154.99069556616885,221.58708454029752,-75.21478529150784
1828.6781213861575,12395.13627898088,7605.81119454947,-164.59318219976996,327.3013811535637,-119.43467945447483
1657.2688909175456,12337.865824176275,7656.239182894111,-178.5851602273061,451.8145180346347,-120.00234643829324
1430.8371468187422,12366.517973713182,7508.670913725583,-182.5314430872874,462.07207759277685,-98.19735095933864
1548.8009607774484,12459.587997837405,7536.926132625322,-203.17684143711529,440.4079299983759,-83.99864851784841
1667.251617397375,12421.349781314579,7560.866902767392,-248.82066075229034,501.26525935911167,-95.46025889957623
1448.3739763674369,12368.931217721292,7541.6242175924535,-240.29501695131603,510.42019200540665,-105.09414329530189
1359.026438867965,12343.046784513317,7441.317014302265,-292.7048346066461,378.77776908166936,-89.02837434952264
1416.5957434937607,12364.705263952234,7588.258565125503,-307.84856029456625,378.0431533153745,-56.73190875354967
1468.3801119988711,12338.359576876925,7883.391109872282,-259.1821016329484,147.92804769328654,-34.57850593056518
1433.277135961171,12295.765198846002,7837.437964627512,-240.0255502193104,175.97995380674146,3.0289450714883017
1481.0178468349536,12165.922815429414,7761.763946012109,-196.35701932592042,172.2192169516621,13.508967444222783
1560.757319239433,12329.70130951076,7905.987676719172,-161.22623501030208,212.27680182867076,-0.7771340644126574
1471.8701889430115,12379.112755598784,7773.37322157646,-135.736473888863,237.57769409584637,3.540075926692377
1476.3807014514098,12243.375958197106,7661.029527825305,-138.94261084759415,267.4707162512409,-8.32879323480388
1477.577247840376,12309.216642316016,7705.759594424803,-121.69137257719557,258.75643797133773,3.824679707418255
1739.0296814344356,12357.049175233606,7675.969583251686,-150.9182865460785,324.35857113522695,-13.237303211061018
1676.3407514248413,12353.95812891886,7662.237429430804,-148.85331026738004,406.8374985463252,-25.854465081137562
1486.4630886446264,12285.790808980553,7662.33540470972,-142.29197856165496,430.14767996319114,-40.71319792490027
1503.913055641314,12338.526626841911,7476.949087546131,-194.14462688691114,327.6399189169017,-52.097351400590036
1374.1386806396035,12399.89887065719,7427.05340215621,-220.75286712318308,332.4433457606642,-36.075082767017854
1379.5388791646417,12341.973109415483,7542.692818552254,-247.74362094122645,331.4230641825268,-27.36602502038257
1528.2229388520198,12375.447132625382,7629.714652294103,-261.86645897041143,262.3394097293624,-48.543474343579234
1541.6838871937853,12344.432398659508,7728.845243518783,-251.46545547451595,281.6893428570054,-25.294719615799195
1108.0569365956555,12235.64910945205,7437.6543895497125,-241.29123738292907,208.00198799477616,-41.075276334375914
1543.7378372522144,12361.556386168131,7850.669932681795,-241.8672436467572,81.76572280376206,-54.070160853456905
1866.7295488055224,12320.522215666271,7848.923327695179,-207.5475334263081,378.04195240710794,-75.99955027898771
1593.1664932812494,12278.015369617237,7864.705059968648,-166.10971652816204,493.38123592559106,-144.54551160273883
1441.5876428726351,12325.620550569662,7817.110146665019,-144.49277501432158,565.0832749353532,-151.0774096094061
1184.8684346956995,12407.005140300516,7578.763429872547,-174.6114730888728,624.4782448865885,-130.58537465213803
1048.0459395843127,12388.001114476812,7564.510214705032,-193.45908665721348,595.936589083772,-60.42623280909701
1183.253863387031,12308.513285522173,7606.84423180192,-212.08151110501367,534.037305239734,1.0157180906909873
1269.6385335175305,12334.05157538746,7683.225274069837,-206.70532771018313,525.546709720289,24.681890275818407
1425.0948032646806,12346.478482927323,7717.084198291114,-198.15652292005643,589.369723088452,22.791125772690275
1636.7492671732239,12367.093147465746,7720.583947890774,-199.4173695155451,616.5222847229218,-4.5093463090558625
1370.4986547475742,12407.323361663097,7713.412005269047,-194.50152796186785,497.8869752260142,-30.51406462696695
1451.146468708133,12421.006101833327,7528.785182050942,-216.058523095287,345.09356872744127,-57.96401920749793
1540.8791618452997,12257.244333609066,7547.485142407985,-258.5477872263541,326.63259843239814,-73.54222070788876
1698.501502482952,12299.961484812851,7701.980944786788,-263.85809785728924,367.2706150930824,-154.33347272854618
1799.473197429695,12363.070178508739,7794.70941991728,-242.20583691890855,483.975657987949,-247.9920196411315
1250.2529479243235,12330.841827500595,7760.5214745441135,-224.4314052112247,478.70122320948786,-275.51001467789945
1200.2051440349678,12349.817597047337,7525.710929052572,-235.21949745906673,411.02613422248254,-251.58487756990394
1366.5219665173697,12395.53093234755,7598.9374287119035,-272.2718974692768,406.78349389368276,-227.0780520756612
1277.9415866678025,12457.667660451687,7670.000159803688,-248.41267006591272,327.8692894842778,-232.19925427301058
1304.9077723768303,12339.308361815141,7817.121721917277,-231.74533383273726,264.3938035818718,-237.81925450217432
1197.0679340524025,12328.421149490121,7856.604555099872,-194.34911381889478,257.432127081782,-227.78013981204117
1282.8711620762665,12234.368298652786,7803.86714361167,-159.84359083042605,265.9590141835327,-198.55489181467257
1262.2371763131875,12259.8886221083,7856.548936730964,-124.94319476847296,136.95968548474426,-196.46957154747764
1553.4755208663998,12384.134033656936,7791.207368800506,-51.21990501639003,306.99290823781183,-168.74186181382694
-2593.8777781530757,12246.322480345563,7922.079419185476,0.36228700020008797,439.9629961218498,883.6585763796477
-14490.56527797509,10429.897785395324,11903.53506101548,902.6396879242162,-1823.3906607550891,7740.4866745395975
5137.7855774262325,11904.405583283038,7935.597187029047,1093.449866548174,-6115.386780696607,7962.797368104097
12801.84464665289,12738.374998655616,5885.2443321352,692.5170125716761,-2176.159357370822,3928.615784927184
4255.317845876525,12580.41582074194,6873.8546336820755,435.9531016540868,1631.9237294559043,1168.414188096278
-149.02398795561322,12740.859992047262,7719.70653050404,505.66845249870465,866.674920645653,1080.509475012514
-3862.6193946531566,12861.590934256932,8263.95735328969,909.504421589085,-1198.5756209224523,3427.5809861797616
-138.1733572629778,12066.562938722433,7697.265186066423,1023.3099610670516,-3221.4657305924393,4427.285847652768
5307.617767857576,12528.521688500638,6515.496924430395,904.6606456945923,-2073.30382693862,3513.068824623891
2255.5498362770936,12652.653828717523,6953.210353386624,590.2730327337739,-1335.2878855115025,2443.906868892923
-1296.9644290800582,13394.878785582443,7894.110646098583,906.2316241746753,-1509.4690292996706,3007.194209167189
314.61433260562114,11935.96765890463,7723.556412163069,1125.6852984546292,-2476.0431955129034,3792.7884755762666
658.6210994950469,12055.866565324732,6700.680307690973,1198.898058412078,-3752.6779236149687,4213.625269737437
711.4005570712931,12669.386296276365,8173.146006760235,1558.7012231664528,-2952.286443430696,4808.821361484918
2355.6231051709055,12099.055068142346,7383.586506754952,1761.7594243267345,-3441.066208940314,5336.897181674563
5342.2385919082035,12361.70667974014,6308.7109877797875,1622.6158914271161,-3491.5469685120324,4756.002558026104
854.3132162933842,12638.401931010658,9228.15673528339,1925.6206741830679,-2383.4385320093857,5722.986142573078
2213.4154613804353,12310.786835943847,7362.176310010613,2339.885502414907,-3604.3539607304847,6941.482274038516
4767.7268524595565,12110.423163981399,6780.080856659706,2285.2203522255627,-3499.166402268001,6669.433914597855
3502.952016461264,11957.464696916813,7901.006642943946,2543.103877608155,-3090.4535905175103,6600.760003258956
5514.312952622871,12949.02376682739,6757.840996575752,2465.019292196472,-3000.213291542828,6033.008420666796
4191.040106245257,12072.267048873067,8260.571599543284,2459.3592887503514,-1961.1796976195053,5762.5866214892685
4768.370507913496,12212.968940343784,6246.343209091011,2128.344758674077,-2051.9957491571495,5105.797007322671
6791.954327567731,12509.762566311052,6230.824323596771,1688.8816792818618,-1628.4748159800724,4026.2400138361895
1896.0399379573546,11839.456514986328,7587.043557744673,1500.1235270104935,-759.3116627360613,3974.1381299184877
1413.9522974768995,12158.822970262647,6868.17499757024,1620.9932861865288,-1510.8418805523863,4249.813357070818
4929.919494920933,12344.258059888729,6539.171035614992,1622.9835428801493,-1386.9228993676327,4256.89523670496
5917.968506118778,12113.45892862595,6522.5762422080215,1562.2390392077548,-760.3086655619691,3754.6556065231903
3260.5646795249786,11724.302220161837,7729.537619972642,1446.6629041224066,388.10944195663393,3367.6992856032266
-261.35450700278807,12053.934650380841,8163.665865421999,1611.091852605159,172.56893620369846,4351.822313725565
1593.2898758380668,12097.264682032051,7367.582919734757,1908.9080314984078,-555.7573559410945,5594.661617927834
2571.730467550473,11923.757113310816,7171.4640945231495,1929.5046186479349,-838.2278248054301,5945.914252461305
3631.9962228583204,12321.90041677296,6218.837724289185,1888.1167738651122,-818.692029409467,6127.669476803987
4782.897138625051,11949.367675597206,6168.941571687234,1864.630595996874,-292.33222825868114,6262.650192399596
6030.550386955407,13157.961307653164,7278.241969564616,1668.704037414272,59.58119469586662,5532.122123845843
1405.157209718705,12139.635472287591,6674.960200862775,1451.0703008211376,297.29716441575283,4962.261203362259
3881.6491184869906,12976.744845313495,5975.082351728289,1032.0961933676626,-300.72695613832093,3275.9637330914347
2706.3618316137554,12656.562576664288,6326.631125965459,784.4359622684482,378.2053007548013,2402.805949633644
4122.420489251511,13212.29100420427,6155.546210677829,588.5446911780447,226.50446568583496,1521.5228093495505
5203.638245754585,13018.66291882366,6583.307954873003,315.97594641162823,767.8962743892068,387.5363704129552
5245.3007006420785,12909.154088304995,6940.482816069914,235.30130218194526,1061.404602708192,-267.22985607631654
4988.7018143923815,12734.478398663969,7010.184224156141,21.71078162170639,1735.9491055704657,-1200.7438950929788
3081.7962825693176,12360.625621293722,7479.344870534183,170.28752854761007,1711.2414989810798,-935.1654548979686
-4473.0589676931795,11002.702624927915,11515.69901587454,1408.5865425942206,1384.0353965316233,2699.5813289587336
5246.703167760477,11702.937394543393,7549.947841973525,1819.062809112203,-1038.5432282681834,3758.360219237808
3781.153858474302,12849.399726817499,6630.655356009591,1096.9385529165884,1406.3935005452079,1428.8760546034828
1688.085430800136,12872.955576426559,5830.538353410012,924.5729649946105,-16.697059067299605,1742.116179835425
6752.11623766797,13546.96141352597,6876.802133078973,643.0057925472593,-185.7817812114123,1135.0566368163104
2115.6519432040964,12460.920314203266,6844.601367445748,429.9386219332004,561.545175314946,613.3734337591104
3403.690865249575,12733.050366185502,6250.542667670311,698.0416299750947,-1321.520980643695,1167.6379189024121
3429.2293204809002,12746.32300640433,6162.953708304545,391.98027898666606,108.4965416191077,369.1391531313474
6003.604857743942,13435.653625557658,5183.056055593924,166.21457822793633,-499.15189036542307,-352.05078088269534
2200.1079556238433,12881.110296722272,5845.700360184099,-95.98979916500895,504.888507412066,-583.4882167281723
1273.5786944517636,12735.809174865093,6202.094320130362,-220.57754236204556,-376.5964063632906,-182.66829414612616
1547.8705370264404,12738.880692016453,6310.546273715979,-298.44663446637776,-833.3749144245277,239.88665373541787
2440.701261503488,12661.413075103044,7008.310443639238,-351.7226862358587,-1391.7578519088086,746.6830846296872
3053.5573043092095,12591.766466373947,6949.8572946186605,-294.48990293510474,-1851.9369368782918,862.8121958858534
3765.4037518097266,12579.512234979205,6968.973666103715,-249.61554960234906,-2211.3772066798565,896.0880985727963
4111.666329252502,12560.199003025396,7138.176930125306,-178.77807675792826,-2226.9520004319547,812.3620923992976
4138.810131679036,12619.055897988459,7305.180050338752,-48.499925724961074,-2288.1057361056232,737.0070947825719
4329.008827340709,12574.537033136266,6949.931345114885,28.976574428323385,-2211.4280773924684,649.7330745533003
4490.284885700708,12600.264957616333,6730.359616585821,4.696805368128516,-2035.8233809365374,546.4053991498712
4969.91029091869,12730.50609152128,6876.757960473929,12.686032565882666,-1664.514883407755,444.8163481668229
4694.9056585149,12659.259202301846,6968.680258758849,68.83154425142813,-1337.2648405809707,239.80891118042499
3808.1161862494823,12701.415484218698,6506.385653637745,32.360410816440044,-1226.6913636308063,207.1205632907215
4591.166137246139,12716.250522968941,6569.010307266424,-15.953765379698522,-937.8525046670112,147.05464749573426
4801.006223554191,12776.599832075406,6770.0788859522445,-20.160405644307993,-462.2169817737261,-12.22470007014171
4638.987708903858,12750.106899708015,6753.849881991196,6.045487861618783,-70.05528865812155,-109.96539218444245
4387.081379172588,12733.44858508028,6612.183614892495,-15.998304979335055,274.6108514425553,-209.51934522688916
3976.706671971061,12791.59634647794,6424.783921004473,-70.78359457018465,483.27002678879796,-225.43517707493965
3396.456727590951,12971.564332447088,6163.096275739139,-202.8820127983653,516.1521030598132,-150.17886312155696
3011.5715320277623,12939.199771904645,5982.95962111107,-368.8234483987219,435.4297942510613,-33.873077566497585
2972.5362062414856,13095.754597802319,5388.0582969564375,-633.3285638291222,469.26399860126526,134.5492007501323
2958.717682913693,13227.108245115056,5293.929224914363,-1025.824583324703,743.8424206957948,381.96768105916533
3795.05494794757,13838.960230102071,5421.236493667736,-1590.8897106402815,1034.4039765774235,430.59788792960825
7006.591942760761,15469.748169061124,4271.723875856525,-2540.140669985022,919.9796563296031,-797.9021821968995
15629.542638854904,17659.526761006226,23.83529016382499,-4941.432482117886,1972.2318199656672,-6367.611048237673
3406.381447896012,20808.275856152017,2425.0705457488116,-7208.816088429581,4592.651226531432,-9128.922908121975
-6367.777276245137,22205.70051501526,3032.305982116709,-9529.926649393077,1094.2104836829922,-5531.941911509272
-3583.4671146879864,21609.41735444232,2449.8216475912454,-11829.758195382537,-3531.1984916758997,-2020.6590106407566
365.5284373629834,19212.506777967053,2862.3777498043873,-13828.825285349574,-5696.651978145676,-406.3334718430721
1580.5761988265601,16776.535951142207,5073.390954016145,-14461.183253634683,-7199.8576839807865,777.7793960380732
3323.062691795513,12437.944263614307,4768.829633762665,-15376.126893819446,-6005.897365906401,595.4181311853956
3189.7045168252594,6564.445867932296,7704.931957056083,-13039.262274619381,-3726.692890237628,-217.99071664673994
2808.319115256864,5734.685584939721,9156.896288847338,-11656.446547657622,-3407.714984053218,-620.4336878858134
3417.148852873545,5685.130384102213,10088.468866969504,-9940.858665424223,-3192.799201245614,-953.5629334158249
4744.490370186193,6322.1474986087205,10541.226018129875,-8399.844622528508,-2945.9963970449803,-1525.607186367702
6052.901151030802,6875.499135557093,11243.895831194288,-7010.919370130003,-2526.2525309888088,-2364.706999809338
6839.9671008077,7264.317080081331,12122.474433809297,-5575.95247275379,-1510.9092368705099,-3145.4761743994623
6678.927657832885,7168.861121986395,12325.866692171094,-4143.638185027616,-812.8577152468596,-3865.1764401160744
6865.852372460948,7419.423057550188,12351.644384126354,-2888.271648894879,-27.63993383086154,-4591.808005688988
6042.434897083735,7591.073599534283,11618.399944793911,-1309.2598555566724,778.7255841062188,-5734.230535424213
5173.371685443258,8010.9036037790465,10818.55013140785,-290.9775517351498,1066.0922323251143,-6611.428771557716
5077.527449413535,8343.91082578561,10832.862027022788,409.58173553416214,1375.5909838677046,-7147.145192889329
5171.756612082564,8392.124220181824,10887.114853020066,1214.3721763440255,2059.8099446321,-7526.249555824814
4625.766097389942,8588.98966907504,10553.06725702584,2008.829025358507,2672.773742837678,-7706.5583332709075
4235.273431502642,9249.479945344303,10109.626590904556,2553.822314613189,3015.658087034688,-7654.480694485681
4212.61156399806,10293.753977108621,9734.140694290058,2801.6424568245193,3502.5753555674733,-7373.836377406832
3020.0524990037543,11280.284244807595,9502.247770298141,2845.037522242689,3823.470051287491,-6673.061935881687
1723.107221050636,11775.314008053705,9310.58714053465,2944.157176555138,3683.2114387756374,-5584.46002893805
1483.7972444463292,12186.601741255854,7974.119675126396,2858.1458746908593,3009.60255938009,-4297.470671171786
1659.3775439270103,12480.144961260894,6945.995168909828,2591.3551728613015,2441.021130030379,-3486.549652653152
1857.0798606517108,12702.601642565074,7185.196436544355,2483.9720737940606,2162.7897731462617,-3200.80320985961
2669.4367611609664,12774.080968997234,7360.911980471032,2442.3551536702635,2213.061748611968,-3082.8284800443753
2716.0403423274724,13005.562227778784,7026.160130165012,2393.908600722231,2167.3481032490467,-3180.7734627828736
2505.0549815587237,13289.691570198014,6944.007119312892,2293.009204583735,2127.4735230483852,-3283.8638347445935
3004.0268333605623,13467.676087295647,6456.453595205662,1981.4888741537893,2303.7844302599033,-3497.147137402253
3254.040603649678,13640.464525352765,6345.004876016288,1527.8919916951756,2603.017106378428,-3880.892953178195
2920.060760956028,13975.815867914667,6347.829662792774,1007.1656595158967,2829.1365416037734,-4214.53633617177
2057.848275953669,13788.567871001529,6663.824326963426,93.07123733045145,2493.1369959931417,-3829.524865778234
1158.7945818621222,13080.43706641432,7004.188519993953,-1169.8536218707568,1667.6644377079494,-2629.263965749677
1182.5395102201487,12978.690900189535,7174.132993603965,-1335.7925162752529,1248.8695297399424,-2181.3510668156864
1261.674697583788,12828.265262005973,7267.227572507438,-1424.8907348259304,829.6494878646491,-1808.850146174583
1776.0781657690177,12713.39173492795,7514.821182921988,-1418.48354090251,452.26536450419513,-1534.7620881429823
2319.795303026756,12479.554129494902,7567.8742999695205,-1356.455520080414,398.27346829503557,-1478.8208300568785
2451.570103995698,12218.529337743968,7666.391277175108,-1404.5658837435549,420.1446939360257,-1612.0335130036792
2298.0237298499687,12167.747232131056,7812.126750742617,-1419.4105535900408,409.3824750055059,-1785.5708936657968
2092.928413696594,11706.094219617577,8161.895821713202,-1325.1302788039538,398.0932835785674,-1891.8009726360478
1876.9963239971635,11188.146088060259,8354.548139445438,-992.429750057837,415.1168485692899,-1879.3408142767125
1662.7991031754082,10667.041396316257,8720.300540446058,-309.3382256240988,81.66770392056968,-1843.0250178954059
2062.8595060930875,10662.51194690917,8812.157944690503,34.26839961940118,52.018820350599604,-1925.6101377823436
2575.6558410468565,10736.377761331076,8866.174107916611,345.54705433215014,360.420015539459,-2121.337131958867
2762.1461515731976,10561.361246390456,9098.85028848233,647.3185969690198,885.9351603792993,-2361.444303500782
2940.3375641487264,10663.761061471325,9004.448489392158,957.6005921755379,1464.9083370133721,-2564.180033689134
2561.392969603869,10951.64199008532,9016.765299979517,1170.077556926511,1897.6190303205963,-2749.860590734665
2213.3856808319106,11262.753104679874,9150.46712284727,1472.0633873778877,2116.501617970907,-2825.2392449973017
1973.6964387599542,11754.307957263542,8418.799053594132,1624.6625723414752,2272.7502103530874,-2712.295653067992
1590.0276867885923,12326.442144190245,7892.5778979488505,1538.2806732893473,2492.5234929558305,-2555.269336954389
1080.0556138876884,12512.936586492342,7913.355188109807,1508.5810445223462,2252.8483878030083,-2050.4426634300726
1051.4605336761217,12410.302108143926,7823.308943604029,1708.2808506943252,2018.9168474472199,-1831.7164071370453
1167.7313484679596,12506.697208127867,7525.652651993166,1837.1270762398183,1822.7525734743444,-1615.2652850952722
1232.152560410394,12437.925906927394,7172.006107800117,1865.5106362411818,1900.0087596883254,-1509.024967742262
957.042409155169,12200.660263058684,7086.3069568703,1922.5902842183825,1836.888809511623,-1439.4488676762696
1026.1047627209418,12091.936595240451,7473.470053104616,2121.397415807008,1819.9481784730528,-1353.5397949674052
1653.454942229979,11717.788374738522,7647.634415453096,2474.7105459605364,2004.0396698001155,-1355.4789479300036
1656.0233388429565,11566.6033376657,7718.460871518716,2806.179814388877,2318.0454328055844,-1393.436603317795
1914.5707334639876,14723.926117033596,6752.946044804835,1541.5241555429984,2317.631471593774,-404.57142115053733
2125.633964790704,14259.757667147842,7253.935106143916,1028.6456344295032,2406.676230835409,-397.0311884328371
2169.4919803024472,12945.455492369592,7507.389658119619,827.2251554251344,2232.64742762317,-590.7577457263528
1607.3799867721095,12387.15963126734,7238.299918975004,787.3365633178494,2527.8241789227222,-665.3260843016466
832.362396410968,12313.412017149885,7077.812538572434,744.6790706605465,2807.972771118026,-621.9492080993242
680.8079741482137,12556.083218352991,6950.886441987935,633.2950258659454,2871.2332951721883,-534.1276018829163
747.5490934676704,12794.202159776887,7178.054791679238,537.004123145839,2453.6755358517166,-432.43399275217496
970.166424295941,12692.396619526928,7644.253548015314,469.23275064780773,1959.1753299197126,-438.30951722820333
1592.0117265203799,12608.552031557581,8066.0653552163985,505.3094720498765,1692.2523333476875,-481.4119131721356
1481.5864510675208,12445.930049822278,7637.709785141311,584.6319655364048,1973.633881488929,-628.3704057812505
1040.3870573713382,12557.372301631018,7452.676027046405,598.0111808723301,2108.8272185251967,-664.3174822837801
861.2311771080199,12536.847841104756,7292.781232184949,543.1735393416662,2160.958199531812,-614.4579031233726
666.1655108730288,12620.901183706717,7396.271827677918,487.0820618973189,1960.2466962582246,-533.3746784481532
464.3181707742134,12647.017824745306,7376.32470482659,522.6588679190867,1690.9270918788636,-460.521429566219
456.00700463774274,13323.285901330966,7617.836154433319,697.3166810624826,1455.696233860829,-358.9799804050236
408.59654742758846,13839.391994561342,7938.762042614843,1074.8699688941388,1147.2073016945685,-255.422390007477
499.91716873842665,13425.8766276305,7031.2328388735705,1552.1931813027245,946.3680754136378,-171.89223025738875
184.9619038209615,13148.527888782928,6335.310640306142,1744.913772359566,216.14566204227367,-117.1913514596155
-571.6339166933636,12781.492430699833,5559.3966469804,1974.3028646809016,-625.3297541043722,177.89895134127934
-42.005488853571904,14603.651431029322,6309.566347419644,2050.258061550914,-2281.9899430448013,546.7878159569684
31.49624031451652,14396.772122045239,7221.471072848093,2155.718047824325,-2596.7727549510405,609.7027105747778
178.16648622139306,15106.78079333022,7151.580816453693,2096.2830763230672,-3210.421539890222,817.5738018611681
-66.67659671457703,13533.001982686026,5873.4493011247005,2197.318186912277,-3621.3471133812354,872.813518244458
581.0402539070097,14718.807610185053,5751.43474982797,2342.6094082748905,-3756.72950200517,796.3551858814244
272.8405869018195,13800.709466023012,5567.376297857241,2357.7201135530127,-4089.881452163707,994.6748363308225
613.2980105340314,14913.093193510875,6988.7942770047775,2337.789603437916,-4645.121880940482,1020.1560525490356
289.42800420275347,14279.716490398585,6518.338822359567,2328.666449279018,-4923.112486673825,983.422810588769
393.536130368971,12417.603433308714,4448.375750920218,2060.9705422606494,-5505.794378828164,941.8111614207206
169.13394716072375,11680.127698282873,5189.741005693961,2383.3836320547953,-5459.133836097132,1220.8506751257087
1474.9759322006037,14496.80024544918,7502.9808737521535,2483.8481599632887,-6170.892500234524,1009.1984367261765
1483.8238796072958,12001.352830896736,5359.923428686847,2164.8536940672307,-6424.958859329659,967.5809446027703
2235.6139247126325,12983.083907766582,6363.10206107582,2439.9562330115536,-6687.07402327468,797.7927013348194
2544.3575131915595,14336.76282174273,9209.474432871228,2413.309131005188,-7068.373203837733,594.6467442991778
3847.683046364404,13968.929374388981,7646.382374828527,2583.9603899270237,-6689.017519972009,278.09391280398705
3557.73790195954,12982.106061705303,7941.322535412052,2550.665285534585,-6255.390874315844,178.83061609049057
2940.1154731565734,11129.533561728627,7220.048386011424,2381.1236312645387,-5333.05700747092,77.88078575856454
4207.140249332343,11889.641910195218,9176.211449826844,1974.8069510960065,-4596.724325714965,-130.62462984224499
2972.7142358776982,10204.756314705,8022.418169617507,1007.9849256377307,-3460.5511614497213,-235.61953571151832
4120.99735530719,11765.350726834848,9771.711031281753,747.8547839009908,-2186.7352218129845,-293.0029402638873
3487.942681746281,10891.542303122642,8250.151862696446,459.9068309943008,-1550.6746594053097,-332.98505634303325
3160.9548324591087,10664.637359215103,8480.686040773191,292.61312768096224,-817.1683836135877,-430.78144132462137
2411.7592022435097,9959.84258499715,7778.819142521543,419.5231968919704,-137.9269089101282,-521.4633985760114
2786.049924929194,11420.139089470904,9214.832874291373,180.48339147540537,317.9839073266603,-552.0086075043873
2083.8985053773267,12292.13316712764,9443.775698513471,265.0119186219599,583.7138195663092,-600.8126510526172
1478.8003132605036,12687.633516905746,8792.647435007402,758.7709830090613,728.4261302907692,-571.5007236208094
1016.9452720245064,12919.772751239232,7587.5951871104935,962.2734107988853,509.6384124849236,-432.87733165093965
921.7151791250573,13262.39311896029,5908.395999737741,288.27144119906444,929.8535932687066,367.4263168986335
928.3070211423695,13455.207796798406,5076.530231772998,-337.57597008464813,1178.1699978462611,857.8533490447795
1217.085946698129,13532.600678831319,5106.566965776691,-749.5084230046299,1381.659331317764,1051.2592383242672
2388.3401582552,13396.472124964743,5001.903212052005,-1280.1219079032403,2057.366324011723,1095.910031649865
2213.017565834695,12538.196671418205,3681.914868457821,-2519.677007779804,2796.498409204553,1161.401273040217
3441.806831141273,11313.854481451825,5867.729604598468,-5137.786638769996,2435.1533653804186,1211.7106330719225
341.7308961111653,13609.518502100473,8286.021988859477,-5703.778727018687,3764.7117880688897,2192.060344791434
-1513.1434460467362,16517.35663851851,8129.769514922759,-5981.280621871505,2669.1224671264044,4461.651501638941
1557.0694596377307,16979.73175607717,7438.074602544858,-6664.207589294896,451.55888464768395,5708.590294686574
2952.194536403948,16457.49195490965,7503.950148622922,-6662.2036060899345,-1959.2103578211318,5510.198869371341
2520.5785147859274,13614.913810606573,7514.802980723837,-6304.802094182307,-3591.0551347696883,5312.221115779976
2944.4115171576113,11282.383706312696,7917.611813632399,-5500.6082937927595,-3293.1189502400875,5123.23887924672
3349.9611955638256,8969.797781688727,8192.128859769284,-4262.299308038942,-2469.749775478959,4612.509789082016
3068.9776428190607,7912.604313415193,8447.589213100086,-3036.1619288225593,-1382.7307602243993,4195.881140743953
2672.8516155101024,7717.799209052416,8840.976685251731,-1874.4687852260133,-685.174798599773,4055.010743008988
2693.5659750756804,8545.295698296788,9149.014593464763,-869.9422646163672,57.01559845562198,4188.049692716408
2683.8653249431836,9179.152663825322,9079.890234396045,-260.5392959723301,758.490691144304,4371.131110948804
2472.3658286839195,10025.773902264815,8927.124113806643,121.16864917885536,1355.443669218238,4712.98496780077
2301.890807006527,10838.273194937236,8832.813627948233,527.1856863522133,1408.553372661861,5303.99884238409
2719.0342779525754,11785.784159524184,8193.910744053166,846.9740138801402,1161.0119090290077,5552.437511924062
2655.505002106275,12107.908919673719,7970.343436184323,904.7706017944387,832.1083595117001,5385.713739525362
2574.730654403677,12285.66848670891,7872.085264057735,954.7494610930341,393.71170610715956,5201.284855067519
2389.4978243144255,12622.396752983674,7775.966923575861,1000.7031977198608,-25.828348041627244,5041.566924075135
2632.019584232426,12751.978318829362,7570.596365197365,1053.5346597151172,-350.2334961278533,4761.268479757392
3143.6733239140403,12935.599339295099,7093.737235720648,1059.5504980954822,-296.56881963447995,4250.835123870404
3101.023222866866,12796.296109411816,6861.298688111027,1032.8188934642171,-188.28044515886015,3698.8513895122933
2741.2026862688535,12692.607632518215,6829.695466867774,1090.8787489665049,14.507210228286132,3202.7628472109277
2504.461295650719,12368.799769219051,6894.2123162454245,1265.6341218341809,-83.28733612538673,2659.4761996343154
2641.492472122313,12254.315939245744,6669.176837455686,1664.4389579542694,-143.6499598541323,1732.7618122437289
2738.06595665753,12539.176861549542,6276.028213706115,1710.8099369619215,87.58453987975471,1228.742599965811
2790.1074625101796,12752.908476549084,6243.314690960335,1641.5427019883914,206.05081975023498,809.7349455058396
2589.814039035478,13142.712856658238,6392.915039543482,1537.1517882378416,281.4246903216757,552.9981362063504
2756.569184666542,13617.019296715047,6565.5350544958865,1383.5162599633995,364.7834853800514,415.5887904859705
2668.0693954667186,13679.342565992749,6177.419463840889,1057.0490631684397,569.9574877244112,331.12801685024965
2188.5005925290825,13726.392820573265,5805.966591097255,688.2477011828674,521.5417996773897,337.1318982977112
2158.906820508432,13757.433860085943,5896.7119101842545,297.1242150477879,391.8565451486896,332.83122244100815
2431.614713195292,13811.008088310584,5922.7042183432395,-34.99492915282757,331.5483579018407,290.17000627153334
2386.1193481521423,13729.042768922965,6211.1031613273135,-441.45036524685275,52.24229068067669,245.12830480224542
2395.1941047210075,13565.282927743454,6346.489595405751,-710.0451096338087,-251.60107105131456,228.83692670879333
2532.101306648809,12994.54280249522,6604.519153433898,-845.1891119801544,-342.9775133484216,250.8603838260463
2970.6415687826757,12691.982735638447,6812.5176068337305,-942.3328089909209,-268.8171901856444,271.57396639502997
3079.8010925781327,12283.70977244174,7088.034514671567,-1043.0771634527991,-183.3694943769835,120.31401839880634
3255.3449141635747,12056.012839734287,7337.694309014331,-1053.8930454580138,-78.56224500693033,-14.627248128140923
3491.440158169785,11885.206541979593,7537.673540430705,-959.430276413824,92.08287263588244,-217.71247176479446
3292.067568525565,11718.01168882338,7669.109520208513,-877.4940421673931,170.36701224942405,-361.0779716862768
3284.3402341231345,11599.929103966124,7972.532408322769,-703.4163979360859,309.613967483387,-364.6189003185003
3128.1026712116577,11444.739687282408,8064.733655672401,-326.9446714344555,575.2866195384636,-256.1275509470686
3300.1695212452314,11209.700724215912,8331.422739460131,245.94847547217893,606.479001795889,-314.5818525457731
3693.76291083769,11044.859202771366,8347.169080907235,663.2601834259997,745.2010167399659,-503.0008507068007
3969.1606593149477,11092.1471748953,8391.409279142654,1031.5784836141072,1043.2924690027842,-688.4326443273935
3383.765598191525,11100.84886323639,8493.31811506353,1391.8639561896218,1180.8764052468118,-797.8947151129505
3509.4908404262146,10759.93570315391,8696.561429111687,1976.1777267820087,1239.7971302935023,-920.7026300189823
3889.541567026019,10793.95435365342,8719.05466017263,2678.0875199785232,1589.1830993594576,-1231.5043858168578
4040.1548260113827,11217.852457591473,8653.54409734433,3375.473408765117,2204.0494613704936,-1583.055257468589
2927.562382850201,15585.47770641589,8606.579540716264,3691.840712480347,3084.568788265918,-1519.8122362486833
2273.4711719246643,18541.202986290555,6163.487898796135,2870.485820788168,3171.740770879875,-1201.3123454628133
1186.594953389182,14144.340676815573,4411.55724434634,2145.036610090614,1809.158081122678,-1350.7798459126143
35.21507751171263,13171.543565162496,4797.547168356894,1692.9393557207118,757.9944650573183,-956.9358301043878
1169.530157882389,12999.123266499366,4948.258854995118,1284.8524317937765,627.671129244921,-581.2311794239432
1856.7229127895973,13223.776786832053,4924.567295812909,853.3972427047537,1131.850514346643,-354.63722284705256
1856.7363237246896,13169.356490589364,5288.380451362273,444.9639892468312,1170.6601090477554,-200.93146565223876
1870.5869898963867,13101.025735838783,5863.935133965765,189.5944050590221,739.0976633620153,-98.41698773958528
2211.4413809074176,12876.497533640073,6312.380816424178,72.94262374593275,381.5948279064312,-45.10431311342058
2888.43561811143,12750.109249103412,6806.341033762752,15.262415359982981,524.8319455753222,-79.6607285983577
3008.710652013848,12880.450370574537,6845.898359953696,66.81943403407374,790.3089517697613,-184.62830015866274
2730.106570255636,13083.035295587315,7478.396191286684,244.58070902193467,840.8859792589985,-354.67189040411756
2546.724254868598,13045.647681303699,7407.368886524568,446.273176574296,608.7873211200281,-400.8479193811715
2867.8534200533236,13763.145755462585,7896.399678409209,682.3564916073635,404.68466630216477,-464.6227384385332
2680.0434149356465,14667.007879356543,8178.2157521884255,1395.2618826841456,315.87058577340434,-613.3194829804256
1362.9089221476481,13922.88171898438,5664.003791976372,2211.7887530178955,-115.0178502624259,-583.1287656257213
1561.6739017154423,14902.845441649093,6823.831917951074,2880.273289514107,-1153.3042604192967,-603.1862661149702
1634.6571857025156,17404.060523868982,8982.534272095349,3697.0667034317007,-1944.3098397881147,-513.8027570586916
1528.7075939509887,15241.425270873387,5492.70330104953,3783.3493740673794,-2427.929117017508,-571.9400658015146
880.6105978179799,14147.179690465337,4348.33851530412,3484.4600388873137,-3163.8773626464686,-464.44659969726877
1709.5674262000189,13530.267783662315,4612.22153903949,1790.4831626833725,-4746.407207069697,196.81581483658948
2186.2966495470946,13111.181695149337,4740.413985824889,1667.0966933217373,-4927.7764648327375,326.24680473337315
4648.78114621752,12995.9001025274,7118.426848707788,1300.357202172284,-4496.007614397105,336.83958985976346
5793.806455136151,11199.272149558115,6369.343434235677,994.1283384494516,-2805.8072859892154,62.98173900369133
5553.497825023898,11755.548559097224,8995.068471364844,882.1262302929056,-1479.1043315557545,-249.3043645337271
3251.387432855293,11701.806223357706,7820.152945609587,718.0140463675828,-998.5517882225419,-242.0871648267899
2014.522288609962,10511.394069843662,6411.571434686779,226.53179959199647,-1067.7869290201252,20.605165125170466
3694.6571724022347,11218.1601692569,7382.276338067551,237.78596754767403,-796.0149021118563,-189.95838730799804
3233.273017570994,10678.323168068053,7621.103847980242,-212.92155517152105,-693.4842393659693,-120.16703896831814
3462.4975356015866,11407.443335984526,8866.12660535392,-233.05292070074992,-276.69324230773776,-108.15721538737904
3474.4865721493857,12409.126258645934,8734.130663590373,-398.9886283342859,15.329766721983434,-68.90423263926486
2292.6899743225126,12954.747262917448,7991.552297661379,-66.0624807718604,31.222570907163515,-45.47715005507004
2028.0292245995952,13348.644631187457,6655.229316588645,30.395690682041668,-260.8443579261753,47.99082525571581
1965.979344099881,13551.61567201897,5982.5740531993415,-114.89887965443845,-458.80788277529507,164.78000515011996
1747.4745100409384,13724.258625128894,5042.671526597048,-396.2093421474377,-639.1149707392262,355.1533749076962
1793.3697220380677,13813.239536003399,4567.0310726890775,-851.5857961657529,-442.50627651474514,573.3707128529553
1267.0510094442361,13647.822976164241,3635.9440661994518,-1655.1352897479123,-423.0150068666485,920.1122250871612
1268.7030504883362,13402.392324814127,3219.9790676993543,-3452.6041781785457,-917.2378566921293,1606.3453291623482
1574.8080636919392,14811.11912719665,4339.110860105263,-5293.406065661225,-1060.462965372846,2890.3887176795233
2375.7137350801045,16952.56167270206,6256.790152728956,-6916.758398156595,-2224.9685810087103,5540.07786277661
4752.484829932048,16204.643562364668,6589.885206355127,-7150.2018224212325,-2600.834531029039,5809.837911328421
4796.341835372852,14291.741713867841,6933.591237741664,-6946.744411853542,-2644.962016993735,5651.487089876566
4265.558484470532,12408.733190622837,7154.671627033423,-6389.748388049266,-2475.848517237165,5497.107174033896
4219.082321055152,10771.956447406807,7121.186497305461,-5602.686312554661,-2027.863007587679,5311.238720523152
2867.877790121185,9602.487650897163,7887.560539607716,-4589.062304082702,-1909.1084682326864,5229.154176077746
3589.306512994495,9413.61487599143,8352.97613976153,-3457.591674807174,-1902.9618255395178,5269.311985000612
5770.2355378681505,9477.570353539379,7699.528633188845,-2794.5412666709376,-604.0152434499682,4510.094788308941
4006.48028306487,9792.761412780934,9378.711444111314,-1688.5474344843065,820.9047638205374,3742.1148179415204
4244.34531879887,9910.040435197487,9555.347084574412,-1014.2778299623739,832.9598787087791,3795.2363263362736
4749.476105623671,10144.135106164927,9327.903726761093,-414.73416480958593,896.241494191278,3591.731061594231
4931.894376906082,10423.120548770406,9269.20273530065,57.85545662386934,1214.6734228903074,3319.980211808243
4690.351588842302,10682.258086215075,9222.890448875745,477.98880852780866,1819.4241390958612,3106.0439388379136
4220.650575695365,10812.854438910099,9086.062799397305,834.6210236115846,2239.908310701504,3096.606170521902
3770.430177964551,11060.06446721393,8819.6810446549,1155.6307298227305,2385.3693783386434,3230.4246886169885
3498.5089447336327,11587.780436363253,8257.650990169624,1369.9417876792083,2247.130083971195,3325.282135592693
3667.9459612759183,11969.585861289841,7831.1383833008285,1457.8225057502245,2146.3256794525105,3269.121030946744
3082.2666893344185,12436.07762328117,7144.742480514917,1734.51300472461,1774.372641951082,2596.631671587351
3003.771828048643,12557.412397615739,6799.463882296203,1834.0351826741353,1599.6533245960325,2316.869402644701
2758.0319869322757,12723.232599175995,6201.71657999811,1805.9751050291775,1323.9461156237855,2047.5457325315094
2623.3414310848684,13261.526417912393,5742.633952385149,1565.3315067822405,1127.0014868718781,1803.9736234431136
2554.4438200778304,13618.102799101718,5383.0772282614635,1199.3261000146608,1021.5972032498141,1532.008547722861
2479.5867567587684,13626.304478799728,5491.442506977403,980.1558709821326,831.9756994328392,1266.7366996130622
2629.335672587251,13868.350295792401,5355.562809630065,707.6748262693438,732.9916340690019,1085.0944607555662
2456.0156332304505,13934.96245958137,5386.269836622991,467.5012584703895,496.6614005381526,997.1100276912869
2775.3689733953197,14059.15876023686,5561.773914392824,225.79275559241154,420.52302899054155,984.6633490541107
2227.303613288987,13693.101242473573,6149.643086475138,-3.665166829203374,49.49076171876146,1312.504368327932
2472.4705644325927,13586.624290432586,6255.057516355786,66.13517206792787,-358.84314538629076,1520.09550552468
3289.9627142899835,13255.447445329186,6367.699615144979,139.5798576803292,-509.97669651304454,1465.9636812299525
3793.1657871680086,13176.98170606398,6213.548945749177,150.29962603312143,-209.30977196145997,1319.92404370458
3650.300286064768,12941.587699432715,6386.320719714585,10.32603300927212,-100.48312330715429,1148.8008533127834
3674.95341780339,12802.544879276757,6531.076892881878,-136.72512042822174,-99.34989174890595,1070.7015202849213
3876.0493241284203,12702.209560460586,6658.731277107088,-205.220044120139,-81.84817169173867,926.7740407218283
4015.547331107213,12374.567540188658,7001.11519456998,-238.9033817089574,-93.85691203596834,695.4756632059531
4291.531377180524,12188.361843962675,7173.570485014224,-177.22979654620053,-99.89989969366087,369.50576392720893
4121.879738618787,12064.038923642815,7330.5229053429375,-123.29396674155606,-276.93894034995515,-22.492757218120715
3736.7253359528745,11968.954270494101,7213.57092624704,134.29161011744625,-533.6011190001103,-426.06529993324233
4060.0578964293427,12099.361294876633,7304.578892915149,129.1143302179324,-540.1969561539248,-494.2025617001956
4147.710402742712,12015.809167785585,7539.040881361761,175.52031037904547,-275.65932662273224,-423.10552555042824
3932.743281105006,11940.39203157558,7753.28590764186,352.44534155475054,-183.87588336874575,-285.27401851310606
4089.025673015838,11856.745851399193,7402.142932685261,509.68207591609064,0.5340873273609646,-311.3384422431326
3983.630470620104,11966.241605421694,7081.324282004353,575.8900092604407,245.78207073847875,-431.508793656631
3600.3407908423114,11652.859843942182,7414.2329626047385,762.5094896307069,564.7599492301815,-179.24144326223214
3918.3500806468387,11410.839925671247,8119.814006269117,1103.6443289182694,880.2632059580249,310.5271191842438
3902.7194736428705,11359.452096883908,8367.727166335471,1570.53498986945,1102.6341710240692,709.2113514091858
4797.819782507137,11073.672937478124,7939.484012006612,3079.4541600358416,1248.5631503491672,-72.48378195883245
4732.4125607246115,11174.810834441105,7893.54333190494,3815.7016917584588,1648.1139812664571,-721.1409842569411
4353.880659577278,11167.556860531342,8237.203705086315,4568.777863065042,1875.1019173223433,-1244.7128725991688
4699.217458311804,11170.052115170709,8218.960616862632,5434.358607118956,2098.684672385848,-1767.5638183772733
3367.9536945060145,14477.839067615616,7665.55774191912,5942.424742458636,2475.4720200985344,-1940.3567819829318
1668.6656970524216,22421.29917246871,5006.371196986489,5293.306578853597,2286.1691206326373,-1347.784871966248
3287.1291608079546,18523.205722423485,3763.830964206395,3659.433542908671,1277.7943077865693,-990.0029787974098
3970.3734841865435,15181.812167728844,3205.1704280225736,2677.3021520811258,-428.15408291693683,-1163.4576036714523
1176.3579256216067,13024.331461923624,4674.691318367704,2234.5281022585614,-1258.9498637519184,-979.1607731373097
4020.630562101059,13006.829675424695,6209.226542905672,884.5577069152487,-456.59627852607184,-483.8002186369408
4411.518862701252,13060.355714453011,6310.900527544591,755.9593197672507,-43.128061363072284,-583.8335552838768
4706.7309119797455,13188.139510742585,6211.3623110255085,737.6228401951199,554.777924754638,-739.1781162133245
4955.0938527103435,13254.090736024498,6507.240132944487,741.8835936530963,1331.845876165818,-989.8726121926969
4247.974856858377,13172.30965531579,6521.849379207473,806.3660978935845,1692.61573356879,-1161.0637957675199
3620.6778388543244,13067.45826165086,6425.85655015766,850.5739427120761,1728.5360352550806,-1244.3523949156556
3028.8826812939105,13065.211436217533,6126.067913121836,839.8164439295923,1629.2445709269246,-1234.1399940616388
2626.1795737235084,13126.698573971771,5981.142101630173,781.8084956357267,1298.0432950531394,-1116.4447178301614
2503.5447994909646,13171.32361262113,6022.740459093736,735.2816366981095,1011.8831975225257,-983.480777562763
2359.8769246185057,13363.597191900046,6003.687838416008,671.3789867551568,396.34155652246454,-693.2279005925922
2730.9189235911776,14082.91758388474,6600.319639666229,850.1891130342412,49.61365185823615,-531.5774618622662
2240.4019019864613,13424.822500170607,5442.535620031976,1211.2624085897955,-216.63340619392451,-530.021864024407
3246.5862324830514,16164.54993492506,6382.1585494029405,2025.065495702641,-720.0351817941381,-692.4463029863879
3186.8225682461175,16351.204254043769,6850.17528210166,2718.236306958922,-1306.5236102513772,-726.9035928958021
2144.6081599764707,15196.060665287281,4956.257690511151,2668.4253250101447,-2241.1854365773024,-593.0474186156837
2182.848653215,14913.584317482631,4392.619118960174,3038.022726703338,-2837.9501493285543,-780.4606316250931
912.0505012326506,14165.968995272891,2684.7332646039827,2813.3573116080665,-3924.805063365849,-394.2334949350919
3750.685442290232,16394.973882031998,5929.480174495305,3235.996884125019,-4434.74101538224,-514.9926170599139
2147.225637586017,14544.13935054974,2838.953909127596,2928.7681061001167,-5445.695859775246,-263.8556031491594
3554.7358164140082,14407.304203533497,3564.6799400976224,2871.654269970297,-6335.15280097919,-415.17386593084836
3526.22637083636,14773.522721761217,4542.85423698479,3072.8737260569483,-6637.876611732391,-590.0768236329191
3093.1692917364644,14151.257423787478,5936.783168295353,3215.636527062545,-7339.807301422432,-626.868034010557
4570.946227094989,14272.832613243103,6223.802614752311,3613.0193496310594,-7751.655968494181,-917.5234320446757
3962.3873002375794,13938.681148804788,6204.847341069662,3653.469466556396,-8287.080181124367,-1102.962122436622
3179.3166584488404,13347.204244742694,5609.2032451333,3623.504540303491,-8753.912322587286,-1200.0874385569775
4081.9228268826673,13467.58973544863,5574.4454758920565,3487.0010488352973,-9086.788147059724,-1433.4800608298372
3349.012640871631,12621.861593661319,5584.164330702095,3223.473806957844,-9137.856551173025,-1296.4046227501906
6297.579522293225,12811.017523809769,7206.291052784549,2658.921463807251,-7851.339361283816,-1389.9416381035976
5616.155211502969,11331.471853995909,7290.1154109175295,2423.5190971917496,-6630.931350538165,-1220.9772539876938
5884.326889022526,11406.832161177566,7790.14850861472,2176.223273705297,-5498.571837710338,-1196.9496001870602
5046.902538411019,12179.40684567763,7077.978345546165,1669.3570100838326,-4590.613628063882,-1025.1675376134517
5731.959109453026,11464.950579720009,7066.605006135983,1558.988937858124,-3668.2826964776227,-1036.1291418389335
6587.654882667707,11604.938089133508,6843.703596147944,1369.4968612193625,-2504.465370842674,-1255.1862337284374
4732.0369260510415,10784.05800463114,5212.524797296842,1328.0893251313025,-1705.8991019479083,-1414.8696720220453
5870.520663526591,13535.86605052119,9412.088906108975,1475.9171443293274,-955.3039850513202,-1502.4237462597528
3747.2369009371373,12541.207483580889,4894.822689400718,238.8603145708749,-819.1352814074795,-1150.7837945277533
3077.8248696992996,13497.03941989527,6380.636452587937,334.9458742333999,-521.8101219388959,-1035.519471451403
2648.521275849976,13525.302927952333,6323.192415636024,542.2346403255973,-564.9069269677902,-794.8849059769436
2627.238171905212,13636.422165134109,5642.9994998750735,658.9535422052863,-809.5714006057842,-603.4603293842656
2245.4145479964996,13665.307600034235,5149.419443187514,713.8371149478775,-1040.385133478281,-336.39446881801246
2208.8547320397765,13709.126812197046,5087.350477781228,696.5186347186437,-1063.1086603916535,-7.176195269486189
2770.2639689820976,13730.211354198598,4935.919110549151,679.916382322748,-994.1515169573341,243.7457282919471
3184.6282569632267,13817.660867631594,5078.918960099317,660.5522796571735,-903.5375771576257,388.09343521527006
3563.848193079317,13722.420290158598,4814.223450213025,633.2217669915117,-758.287320997541,450.34067368974604
3652.9534387562876,13746.165295818035,4722.209403398024,560.6695755030713,-610.3626464966326,531.3308702726962
4252.046263034712,13809.74781871211,4362.35349797068,312.5028174753325,-81.13954806368616,543.8487792865558
4671.096774947244,13862.533670453495,4170.580472984771,143.39967339387053,239.0358218596586,429.71849509462345
4589.1567016433755,13793.10116066203,4142.963333521249,-29.39086330566947,539.0566226457643,271.7783217565205
4196.711140685872,13849.921576719735,3943.676828909015,-205.07910254376077,688.971711015116,171.6066116406949
3764.0788959025613,13799.325422554508,4212.837287391777,-395.4862718901647,693.6348204433782,155.33872887594495
3818.2440235629724,13792.030135717518,4500.603350372909,-527.060688931913,728.6940563381578,164.27912496946868
4055.164304852946,13789.316648094447,4742.456158062189,-596.5586003605749,767.645895455282,122.92405877685226
4311.509931449942,13777.927668382294,5080.3876552011525,-614.2024326588239,790.1672720652593,28.222812808271282
4301.945559896513,13711.428591426109,5194.004284224922,-585.2971070546855,802.8959503410113,-78.63918600366412
3951.987990343121,13553.018014236675,5117.492092295597,-520.2578015373288,723.52311270896,-252.99524683663392
3884.95751959466,13705.012243805404,5081.978245308654,-538.1964760865517,530.5043310463358,-300.0863913154358
3689.650023852367,13665.375263997405,5255.860933411317,-521.4759163970452,423.9820310115985,-294.657523395657
3889.2966784241275,13633.672878092373,5411.944396927269,-456.4973909147378,308.80320720053857,-325.2546358799908
3925.076375053112,13644.940599234795,5484.69339570921,-395.4970586445718,291.1682688304444,-393.9314700810607
3898.0313522080296,13728.619062519054,5417.959398320925,-348.3648264790185,312.2687969039696,-444.44040080643424
3756.7905059685445,13787.531037337934,5353.39126078164,-304.1534121168794,337.63346708497147,-445.5898771366118
3716.2134506925513,13778.762900112359,5210.538051280648,-264.91356870878917,394.26048195895623,-451.8415803866523
3465.3766594203357,13680.665977654411,5224.7592039997735,-269.19633725200043,460.1824073857018,-442.39840703147973
3439.113721491726,13741.391916237555,4950.998423746642,-261.8013876304041,408.99680441588873,-362.15732003366577
3040.3385806705433,13739.308101084993,5086.5517567374445,-307.0254897761911,323.22681200155284,-184.26489655435475
3006.7796868106257,13730.02493022949,5034.494277845472,-325.84920456324215,228.23871837476997,-56.41178804580911
3316.6090349412448,13674.830406906054,5032.515166652848,-326.7694709483676,153.87368322314362,28.637315093998584
3448.918640940254,13684.986021306328,5186.973097913781,-325.89539542302776,146.1807725202172,87.5270873042248
3518.081759557882,13666.280031350056,5302.993725472729,-289.18437816577745,84.9818302055304,130.19062106833613
3628.3631713146156,13711.010500655786,5242.833599809297,-240.29140283765298,33.70947580907497,145.25753940345027
3820.8488576570635,13659.340837226311,5190.758315730417,-223.96655392487787,43.390064587545254,107.10713732752484
3989.7865936640674,13647.642535124229,5274.94632454588,-181.91027195635814,97.0016676259546,62.51179348323533
3884.2424811545347,13688.652198453045,5214.027676894276,-151.27469728596088,145.02834766007373,21.948931200872398
3735.726447198698,13788.374047643567,5130.238384640034,-133.72657880179156,107.6474123555821,16.53136455273302
3770.1656099869356,13677.276167500413,5043.687973971914,-156.94597081511415,148.1462452566215,112.10582120820655
3736.7753364220885,13752.035998825504,5077.963232816944,-177.29711778545123,234.3950959348781,94.63370471687207
3721.4149062095507,13707.83008056744,5091.226996580722,-177.48638514901526,292.0873914008976,90.43175224993551
3726.006419976483,13655.821849296877,5057.727638973515,-214.7040545036779,280.64399187997685,86.25219581949052
3789.1693625046596,13810.009762740627,5043.2357145867945,-218.18990455493676,150.30003524510144,65.58396063839156
3774.0117281996086,13712.183186752312,5079.877213363898,-226.93785862227057,35.721677718702736,45.33258900080359
3872.655425855119,13670.296109021561,5206.837001324883,-206.81885514072684,-1.5887623990371762,-19.811165245592463
3871.461173170878,13704.621549726955,5213.470767080423,-171.43591685943522,6.100696356722835,-15.52799865706356
3860.8391785994027,13700.609317221973,4894.863898601631,-178.02474776658104,21.756718860359936,-64.16912258088925
3849.298356567181,13730.961570012125,5046.971999128843,-190.00742493785802,-70.55348572628913,-114.40470707856775
3810.505063772019,13676.428883844668,5068.220954115733,-225.09416238214894,-88.22842136938011,-108.40206052012343
3809.8472690656595,13732.325368382792,5077.747101690458,-246.1465082032725,-2.6289840500290937,-105.88819911498894
3587.837246690349,13706.136898236506,5017.809376629498,-256.6192758828978,15.048281271641052,-123.04740228760197
3494.6425431388548,13732.623079599869,5012.512369862543,-264.6131919213376,3.4302481380412537,-127.30498386784157
3793.692673011926,13713.559649964025,5025.417734590031,-315.1817510357519,62.35580889665329,-97.76113448278619
4073.0311189322597,13701.363145883222,5012.404387845954,-334.92975258805683,263.0612754585972,-143.5139334629983
3841.2962098483795,13659.279447374514,5230.263134441426,-312.5998481929924,387.687599704128,-184.68437402737604
3571.4669282077634,13706.163832959674,5247.766138708485,-313.4472954073688,407.0491453866795,-188.22253911016486
3554.817973562167,13745.96304994402,5089.737870978101,-339.96080880243943,465.94910858938647,-155.43020202733965
3603.024520573075,13700.599817067805,5041.318413960556,-359.04135027633237,439.1082215980702,-108.5030332749132
3633.78334758156,13679.25371499294,5110.316980508827,-347.236175506406,435.145107886201,-115.03554952202722
3552.978669083366,13650.912188675995,5176.762407825417,-341.45143234952576,479.0508712193217,-136.8057213577128
3445.2070436962895,13780.147331180378,5067.865366183285,-319.05720583450534,568.6932046024485,-83.9173869814264
3340.922746584025,13742.513291120731,4974.820415697756,-323.1519499923398,582.0773607092233,-52.48884766119197
3446.4738452979827,13793.271362026207,5016.779949411745,-343.23735062666117,597.5468616150364,-3.2435751385224685
3162.1656405053145,13751.753128965962,4892.88437217015,-409.68347176182124,516.1488195208723,63.9779049067928
3124.0847505712322,13781.778233547622,4770.981568156553,-471.03106649278413,432.4317228627508,129.0878123317034
3134.09930021532,13713.934731199388,5021.987641570733,-500.1940838274976,241.12745754403454,224.90612693756992
3568.3169531821063,13670.512385867616,5305.332763558915,-493.06605744054673,114.65493844109379,251.4464518970777
3798.5124978212257,13659.295095721269,5389.600371381514,-436.85874459986275,102.27848565561021,221.6768943541071
3819.3161322848778,13727.207646123017,5461.124331100297,-376.5429762181382,106.83146858363068,173.31441162887884
3845.0917665181464,13686.634964266455,5318.8891633055,-345.59478913211996,109.56253374503939,122.0511785192406
3978.9616125194852,13767.228944729115,5261.19241966263,-309.7590935997534,136.43263440163767,65.31664026442311
3963.7666193095233,13691.564089520987,5158.583136783116,-321.06659275687355,171.15486593789518,1.5823284241272175
3915.620343349706,13752.463517725984,5104.171280845262,-342.6635108311813,203.87891126188688,-57.939210347468155
3630.2046397318522,13710.023441169431,5122.944968875264,-322.7738539478049,272.745874343062,-86.75308417146624
3497.1381946968754,13741.909423845102,5169.062830297721,-324.9814927011132,255.94229581067572,-88.45929684836665
3431.73086166791,13810.667042485631,5101.148475040442,-380.74087534221013,288.6006251486821,-69.50366373359346
3530.3006253545295,13692.042487861618,5045.137255252908,-399.61355316568466,248.15197875068725,-61.19569580168501
3486.5393144645673,13710.100300635637,5262.268214372131,-388.90082448937534,268.72191725130307,-44.064177032099096
3555.682227200433,13692.900769328555,5208.49451438536,-387.036393806702,267.91973112234064,-19.648477545513643
3471.9783621243873,13663.700149771466,5240.296495886137,-395.219480217716,294.74198059686523,19.890541385551384
3321.2620089308934,13707.061873282744,5313.025596493246,-362.1222843874468,291.5729320961595,36.1263155164205
3483.563110776663,13694.636939098686,5331.9424954166025,-329.2043506660061,306.0565336385668,69.29455546003572
