accX,accY,accZ,gyrX,gyrY,gyrZ
2155.008513727721,12115.986103598583,7893.105799940732,-288.7154618651207,152.20830760939342,209.43475373856614
2048.391025277306,12084.212705439733,7955.102187564276,-307.79751527378846,207.58120496405422,182.35208143529698
1908.5309277988165,12117.003211328249,7951.393851260866,-313.3916890257085,221.02271614018872,143.8040261676828
1817.0226692921199,12115.67290154126,8080.767000586006,-296.5692514695213,43.930279452564015,161.51758837487031
1947.502594269044,12051.202005858555,8068.8741160470745,-275.1508556256112,-4.622031096900502,151.56486620250152
2124.5893927031525,12079.451149648987,7987.667594851427,-264.05811730365684,24.78434185056988,97.95845685587997
1970.6339906282346,12096.84662296714,8078.689725780502,-254.0728938330927,-21.008489991017516,89.13231689602446
2226.9568500052374,12054.991645232441,7876.926253013202,-253.85483707376392,43.46105702897395,45.768796486383884
2281.8283929160457,12030.837541855175,7915.754312013233,-257.15956027922135,104.44983652882524,-6.783424401666357
1914.6641478550512,12034.220396650966,7951.375080778043,-266.4312419941544,-23.851720784630256,-46.76770909564832
2019.1313250117619,12065.071893974013,7819.048098085112,-291.8943536480849,-42.94356645383938,-57.163687360222795
1748.829904834395,12059.172605600521,8105.608558376367,-292.04299772651694,-14.895458313191252,-47.783322460220205
1763.019822639019,12064.371816737954,7865.202175922699,-298.100599201338,23.133858991029868,-6.372983820688978
1841.3746847099449,12117.447870921224,7955.810423322857,-315.11712847143076,55.903116566321074,-15.654275106860025
1488.8077374109557,12089.326253249432,7933.823966576603,-323.40583079592017,5.813084391904985,35.61999011194429
1382.5834186030393,12121.97840845108,7959.671804253406,-323.4454748423239,-55.05977732737376,103.24224422943175
1479.7566152017646,11969.51288253543,8001.569030913167,-317.99713033569003,-104.2259300537062,196.81171757347227
1512.5164832251182,12012.228624196934,7959.633956208547,-325.2631126678464,-235.6168469527276,251.5055594180483
1845.071990952501,12046.42124722039,8175.7348318520535,-321.24177118283853,-358.85277074714867,279.52316346565294
2052.7642094007333,12040.83759986453,8170.437299338476,-295.4601417208717,-327.3811083914388,292.95408482656205
1727.904234580455,12069.916822377614,8245.968222848172,-172.21242798721877,-175.72773053158065,224.59690061679703
1549.530668874627,11999.259229304062,8139.982619845983,-129.40427707727028,-343.82207038685294,259.0818081220902
2074.1970736716644,12016.82063953817,7877.570174515702,-126.19985007446938,-408.46710501295627,236.62890726479932
2372.0131335062015,12095.01388752003,7848.210647276039,-136.99840172222045,-390.73421727521867,204.04010540371928
2092.2566362518405,12061.055849811528,7813.7896118007175,-167.35059160384444,-283.4314168655803,170.66457559046574
1969.618968654885,11986.511882290635,7915.356441263822,-190.59506457099394,-252.20662613506406,141.90337621864023
1850.7215787478106,12036.875501911394,7859.688683118853,-215.8953032081813,-214.01529985759828,171.1641023696942
1781.7164280917316,12066.115182651078,7778.863219425631,-252.5206914265213,-144.3847816073219,214.97378687652838
2028.0314488861802,12087.354268102046,7911.8369791744035,-281.71498700192836,-173.43458497431402,221.84069047560297
1849.4214647895526,12040.786080553724,7962.848921467016,-311.08491365371435,-152.83937683340505,189.69430173438684
1912.9348877181492,12110.753833897368,8040.638264137542,-304.6940123918692,-371.44537204580183,172.9519048485755
2025.4246034641017,12074.154767181455,7932.358471336229,-301.1111806803596,-454.07194007106636,140.58506738945027
1956.099192811956,12035.20466586071,7943.33480700769,-338.8252848543088,-542.7067731490457,154.2204222789287
1951.2480420491736,12058.24506263166,7893.159491436689,-328.56718814525027,-507.08809015529766,146.62142955060872
1869.7041736024219,11988.306218621965,7955.439782188162,-327.2290693672718,-497.231045896007,169.75730708795555
2175.5920663252746,12063.374476237857,7663.047871256402,-356.58436962478726,-322.12254082342963,171.85083664313376
1915.9877505502102,12115.806623677716,7923.643776716219,-383.2772137790413,-161.75604867661792,170.93395891102585
1762.471694567708,12097.230797840451,7974.43344398427,-397.6849734253422,-147.37329892578117,200.43177821307884
2498.7569853434475,12027.391718182053,7825.154469744327,-406.4614596418487,-23.925339180322357,99.31662271028809
3194.911255024987,12102.523408631132,7796.0073358467025,-451.2057673845327,417.4904670827533,-166.72555138039422
3113.950925218619,12086.201073165965,7663.503225187734,-485.0071117469596,864.1633179232516,-348.63113868116477
3303.690817052012,12107.48901883805,7338.284934152933,-575.364110522311,1307.4048324582084,-551.5169402875179
2882.4624667225153,12078.061041439962,7493.136985651621,-688.8652061850105,1627.9863223885268,-755.4868128834701
2629.1139771625676,12062.194380078543,7602.617089633366,-723.56887337526,1733.578058449061,-894.9937215534003
3264.6110046574445,12214.485703679806,7121.901475277835,-892.2857592782084,1476.5149393679515,-1112.609302424831
-695.1924808878418,14555.38058638355,9880.439214084628,-497.0532620329785,2247.567520145427,-566.1282909729816
-32363.058056274826,12648.023423067412,25004.876230322836,4237.8131455275325,-13240.497758127549,8051.0263837014745
5895.671129443686,11255.10879057478,5081.854348161047,2104.4348331628157,-9632.198941513112,5308.918172689144
-521.1276688080595,12632.57935527836,9088.464875200276,1384.0489227294113,-4855.136181270822,3944.0174082615576
1528.636534422992,12217.963647586184,8451.356164150815,1678.1260728441541,-6057.184336497418,4548.08843496066
5186.289000857868,12176.535550170804,5980.73260084243,1401.346360061723,-5147.356486204398,3877.172965215604
-1672.7597541135494,12900.83564772263,9486.517384942268,1661.8431878332522,-4678.039961329212,4372.351389562486
2782.3480078042808,12075.312820794674,7602.56596510329,1903.5603489771004,-4919.481266006025,4467.796301070073
8806.508188223224,11803.334316496392,6064.206466939768,1362.7452099891057,-3215.48075818397,3646.3868213245482
4789.111126990779,11936.853392573139,6857.825822013522,837.7198384118785,-1069.933719170789,2797.629549693453
7764.692831475127,12117.453872738102,5302.841575542477,476.91947037880396,176.43508617436075,1966.1997586566913
1514.663234054221,12383.373881813402,9363.960231088822,1268.7301812543833,-842.8312653213379,2484.479860511955
1288.1999818307743,12438.447775627023,9039.68166535635,2060.49606101921,-2490.8374017694623,3255.7230821555263
3015.15204344175,12513.223519972831,8044.601564308335,2374.1111421616715,-2481.544702180095,3713.2140553967306
3899.0872009855475,12304.156664525575,7382.769250729108,2645.5750776519617,-2189.99748493589,3995.268982773135
3281.2193779898907,11692.683320543738,7482.360478484027,3097.2198243971334,-3144.3105434546305,4771.201702063708
2822.041736835105,13072.657242856623,8973.25556748377,3720.614829447666,-3563.9998817273668,5161.152623810062
669.1632223520207,12491.128540516842,8921.976924879933,4058.8855602609647,-4025.826888279103,5784.225915935114
2438.0260980701505,13064.492228758443,7096.782943350751,4600.019712148297,-5057.694323362733,6535.256222141891
6788.613831681367,13493.103876886697,5558.401504699493,4194.442818734683,-4322.029543608947,6020.836624858615
5253.961372152784,11266.929461756119,6429.573241658661,3409.8143687572697,-1011.7399682228693,4758.075827794056
1713.306410909549,12023.732605322997,7792.236440587819,3055.4126749777674,482.3321770491821,4012.4340136064234
5913.5797248107965,11631.889752504982,5733.255441214258,2446.53900931186,871.7591147612667,3251.7880810975
6112.909167008473,11559.375172607097,5359.736988784906,1520.8718881119362,3342.9361386299197,1994.1755422043234
3790.713147224826,11729.908514999392,6654.309210829867,1055.8564957050266,4633.765143878125,1530.1177303317816
5948.611704623632,11603.008673291051,6106.717290298659,293.94132824734544,6549.889560016057,615.7028255165656
3595.242522652142,11354.274205358603,6963.405491586717,-371.0077446463555,8310.753199077057,-185.15679693315715
4877.39053065764,11822.08426568071,7049.491854293113,-362.3421954473178,8253.988433176815,-315.53855317708945
4844.893727902883,12564.379018373213,7070.547321700761,-505.4558978205175,8616.226439904402,-624.2917420063476
3967.4545267539906,11448.358237571889,7381.820959992854,-1079.9806365078625,9651.384809661235,-1381.5036940928655
2099.4127197276434,13318.8402078197,7346.256795799126,219.04856970053427,5077.462095073511,1353.6858603704304
-2154.4668143286826,12401.660122026207,10616.10310436159,891.38776761191,2347.9281859864427,2926.398211581109
8057.5222978645315,12148.82641553763,5838.384130337356,444.16061125495736,3566.0290117588365,1979.3479059496265
-485.9533469223376,12649.326928048296,8709.960854040954,690.4985020881231,3463.387610649885,2404.7213692402242
5017.3509042691985,12581.4338745839,6569.438352033426,240.6026270166767,4716.446455834143,1356.7929467787983
1738.9851407516144,12599.836400040738,8409.042736692258,195.9207493823319,4483.900251829459,1152.498268270208
6507.15601355562,11721.26384882856,7056.939910908864,551.173877315082,3244.371231625306,1580.9102934740934
5422.996884702006,12096.971297368336,6020.312146883434,161.36595763765143,4413.241485181129,698.4244185600375
6862.002043550587,11838.170272887613,5694.75930809603,-562.7694846057625,6593.602889944432,-772.5695793912341
1396.6949985124854,12382.211378747817,7745.673243401865,-952.0401565469532,5312.675007698086,-1270.844440529697
576.3214024092496,12332.477103133484,8011.400287786686,-843.778388914289,4179.5611517444695,-991.9307255350803
522.3504147858205,12391.636271721503,7987.108425208586,-727.7534421091381,3071.829783666012,-655.4618938949436
1368.9921698793823,12339.657742229747,8043.259801715668,-626.5208620319687,2226.652398750437,-399.6613535249713
1920.888810168276,12377.87054061064,7774.89499391921,-546.2743182072859,1692.3400946610443,-247.13534526836702
2533.7144805717676,12338.32362275349,7500.69993332464,-533.3234577827872,1464.1423398342304,-230.53480888994497
2441.183285557807,12366.675056455077,7456.114549635168,-517.4802854088429,1349.214188957893,-223.06707388820863
2014.3960290577306,12313.039186865806,7824.93314943897,-438.1362792286319,1036.5278574986182,-150.19071164185547
3443.8753804488765,12264.033433324634,7395.3339151230575,-397.1301864068037,1224.784960548375,-131.53571182410855
3035.468035964802,12440.688278724638,7603.602862457079,-346.26323023248943,2697.8910540931547,-569.5409506275267
2237.9703948575207,12396.907393133999,7707.824191421166,-324.93907235620003,2786.892212411284,-552.996765745546
2190.4513286149127,12321.558240712398,7645.346968451238,-269.4676910424229,2436.3093338842277,-500.82135668929465
2919.0576362369206,12358.247394251073,7348.19437750438,-257.1781497198771,2342.1045661584308,-529.395144083756
3011.2940058941713,12474.207272573834,7415.970451525948,-278.09278594932925,2577.550879082273,-644.6624433551627
1983.2569514179563,12383.870819042157,7513.90073465623,-257.9924157152927,2582.8592492650346,-643.564498008691
730.6499289256603,12362.378738010742,7510.957809581879,-236.32355962465869,1769.8411643988293,-475.9253894989471
1454.7885273565212,12467.520478580273,7110.011448383154,-300.1445731682177,1640.0878829778055,-225.72488116619562
2240.2295237865487,12472.314377370967,7117.902818452461,-382.63873087751796,1505.8895717403802,-162.81769127746034
3284.4606403645735,12467.592119421079,7196.466559808002,-522.1623626558982,2086.057054502178,-359.68346276813105
3439.1955941252577,12259.749911165722,7529.085830469758,-522.4942289095488,2762.56848111339,-605.2413908606507
2495.0812318529493,12350.02431498463,7528.137307023605,-533.7427229672096,2603.182297522749,-695.5563110823059
1764.7778171670036,12423.780707142507,7714.801562515971,-493.00270996005884,2411.9929290451378,-664.7999865500407
1384.4552281829122,12356.981290240086,7894.818032596455,-433.8288044162208,1928.3812315517298,-567.5110429326004
1520.3844663224077,12305.536552399819,7996.071833727808,-322.6310414037628,1242.97574528934,-482.03458575542277
1287.9863895952399,12175.902127212277,7967.1706161015045,-223.7838168769344,511.30016477955604,-452.66212762102464
923.3988660887063,12360.491072099625,8251.431508160375,-86.9317558938093,-264.18818852378377,-284.2378479994
1053.5863610087572,12230.226764160403,8067.685750362575,52.17158204744812,-893.6950156915391,-82.96226916542517
74.82295598927175,12376.170503947442,8359.162515188473,309.264308388622,-2374.6173113277414,399.9825867594769
-512.1269552695189,12456.170301656472,8296.048690898158,480.5044832914358,-3574.982010757278,923.3783307686305
-215.2791088662239,12501.512012040484,7930.973089476847,561.3088911953132,-4034.7054716132043,1405.7012329587578
-1323.9481631612316,12466.186555584478,8450.49239707016,599.7738216204513,-5550.0526977093505,1910.7203364160425
-2833.003057669324,12493.181651369823,8880.344588691501,769.482874583787,-7269.773345294705,2713.556005728893
-3794.676391750295,12781.875138780259,10121.222977967454,1122.0276720061652,-8250.603334713382,3899.074502867258
-5113.514957743546,12654.845919999767,11407.261328135128,1691.8266927185507,-9564.535523827448,5351.4520832246035
6548.362965006687,9297.66168013369,-1120.1216948890208,-345.66546749354575,-7733.0970813723525,5674.121303525042
29048.016558511197,13993.653255869229,-10191.506533635775,-7254.873854312004,3991.166047474162,-752.3487011873012
-2074.131489085966,27739.933656439258,5709.628418068944,-11289.741104177514,6183.598792015601,-5075.389414777232
-19945.00719601752,31294.34403744041,15880.52457061566,-11379.214130846998,-6391.920884447783,333.6729399124813
-14943.159990533472,31290.86778369289,9310.034905138735,-12161.754510139786,-18918.206113303666,6108.128095265265
-3260.5121538821923,25216.169679036615,4292.5908868610095,-13474.813152841425,-23801.63023049943,8978.371120608344
765.505110954398,17903.038407795324,3935.96550797376,-13322.525607794625,-26262.981886001715,9644.226522971318
-1243.2497376217325,10726.216845303708,5619.809252115144,-11832.563875877677,-29225.31169817364,9676.955543655029
1659.9701152531707,6165.311954333421,5891.906210822504,-9893.87968603993,-29739.153937348306,10130.710205264852
6156.460372852352,3031.5107376292303,5111.904677687894,-8049.834348358987,-28360.37408362874,10207.118556162726
9245.261668162972,1921.1048065782968,6203.329451951448,-6297.770367109964,-23588.434767365445,9459.010555329465
12459.617024709323,1167.7333213973457,7847.826202618554,-4383.26015118768,-17268.639128746243,7571.944176955107
14022.19381290461,702.6533658420279,8188.054275352665,-3084.561113011641,-13048.602361232135,5247.107062282206
14569.328561011218,-63.66217825455429,9258.553702136422,-1567.0218056730944,-7638.839417357401,2661.3536922493968
8866.355635151958,1466.7697399743627,8797.012692265705,-267.4586161641042,-7804.473695040752,1835.1450572436818
13299.663063361857,2953.793210984565,10791.207691299684,424.0288292443343,-1913.1008487262413,1075.0748177754456
15638.397266922604,2610.916057147477,9303.810004283272,1321.3069814772616,4289.695917820722,-1049.200799329402
12145.515882399837,1486.306296096532,9201.63229646089,2445.6259651654277,7902.070238780907,-2752.207479808697
7369.450164851904,1315.3042144408937,10360.07207025251,3881.650182290106,9556.344803354588,-3318.172800810774
7943.2317783404815,1888.5728218913155,10790.471402115896,6539.703937267915,11824.54747523534,-2994.2026456075732
10645.434821222638,3682.4742605719757,10025.796855455903,7709.5474452007,14710.247180168915,-3392.8976006204894
10408.607251767597,6774.554884842201,9311.883709703014,8359.463463797258,17268.086680417,-4062.3575054303337
8075.251633551252,10461.514786913976,8841.75789537522,8346.13515221358,18327.642237460634,-4294.539391706435
5086.083670328637,13629.203099678889,9241.167034612674,7863.553767581221,17409.37906241479,-4241.448440167272
2596.6502835624055,15905.219625393449,8798.470563100247,7148.059426565512,15999.009980394456,-3913.300291832573
1238.4440077068086,16536.946070561582,8194.575379228707,6492.608734499284,13581.289541896167,-3608.5158323593546
357.21981744429036,16622.767810704037,7511.970599619206,5923.762258295578,10953.34014799938,-3327.209642149259
145.89981174164942,16970.128978508117,6619.790539328603,5245.388343772112,8866.043937352495,-3159.1615968810784
-1413.811952459013,17171.641719530802,5688.302289218349,291.68670144268134,1485.1321275624944,-1652.778896782943
-724.3704201611038,15923.584452219986,5503.133792808886,-460.3416705643725,187.24743265679024,-1266.567681228445
182.45614118582017,14534.785572442617,5888.937803778564,-999.8450262514621,-526.3006182649989,-1052.0679205315867
802.2710340379476,13174.038188131273,5977.742690025378,-1453.2880506698566,-934.5222107978245,-990.8149397629737
1669.839175059997,11967.990107708783,6615.8539724627135,-1784.174578738486,-1203.5102737114296,-891.7826600299051
3651.086870331467,10905.568955184384,7632.567842408033,-1757.1530183909938,-838.9670757132652,-916.6512632302405
4831.033964396214,10500.622784512725,7538.43510790687,-1577.411846092196,-181.99736038838785,-913.7737146092974
6042.509624767773,10075.529077357614,8180.520701375537,-1300.7841381217568,850.0738785300655,-752.222767869623
7142.057168837874,9663.994105639724,8725.095294330855,-880.970085601445,2045.087782041561,-615.4765324726752
7752.341588159753,8966.595018986913,8947.080723058709,100.70524320207218,4076.419662949324,-714.1275125159682
7506.31425785959,8761.343503034881,8931.358887029826,804.154968143906,5647.211928293894,-906.6233473438205
7091.974159967807,9105.138513975146,8666.729211003734,1544.7363474486413,7093.393134793879,-1189.5836447081847
6750.698795772955,9236.630017208729,8767.19261308995,2302.569582318073,8743.828996923163,-1435.0437311748526
6310.551590229424,9486.890566780228,8507.408587331676,2957.895199438011,10365.703040993121,-1744.8755195070437
5285.7406437678,9989.822300404523,8703.822788007461,3606.151288680156,11303.171428372047,-1913.99413131247
4701.04263142615,10818.660205707407,8681.002886637709,4281.3020157276615,12078.04835345888,-2097.091445594161
3965.19556578776,11581.682839204272,8100.602685193431,4929.3379821188855,12688.933555080703,-2519.565186223563
4705.8953311787645,29786.147786723934,-2144.177219804548,2820.6340840719827,12926.674366954141,-3722.0454826110886
-7836.926940109913,15503.042307999596,8484.782221837808,791.5390267707617,6241.144114852952,-2520.608152409512
-2534.00308634072,12167.113343471832,3876.0719602758704,128.8207256483706,4482.6361501857045,-1187.009593611513
-274.0831518583859,11373.946006375301,3507.80893846889,-579.1397766435723,5372.32507790959,-566.9868027642787
-539.2392197092286,12227.158046516435,6989.08865165365,-829.0699873965635,5313.785354731265,-5.765261518491393
325.5777448530297,12777.626331583871,9769.303592399896,-607.9857924001708,4079.5267328428404,349.5298428627261
1569.3809870267166,12162.345532905854,9877.699135290357,-139.34988133943585,2234.0976444256457,348.4146020254693
3084.118650711418,11759.608082407778,9974.033344953687,375.0206588268979,923.5167142837125,133.18293560096882
4420.40802535185,12159.44155978655,9339.475468189667,702.5418614108067,201.7260291736718,-392.8131055229034
4286.224922214531,12496.930142356206,9486.895733489586,1073.7517501916407,-742.922524461481,-925.2778776554558
7134.605282217757,12701.293206848071,7862.071717616571,1334.4440985183257,-784.1011174223607,-2036.873817567535
7760.102093724401,12447.402766513482,7311.41554263644,1304.4784945486383,901.7850381580088,-3041.178398959069
6472.11919258895,12386.125757474167,7110.655410989205,1210.3348247284391,2926.081295458381,-3868.0795830619986
4588.665591118034,12389.424984022666,6772.526131118833,1089.8530902655384,4607.084483220953,-4328.497050839513
3780.553465249877,12492.41954798344,6081.079721987622,877.537648524151,6374.067562853471,-4549.9584337281785
3497.6539865447535,14654.38308889372,7291.524172120695,933.508606308971,8377.555016125676,-4725.285485064402
-929.9380022067685,16268.323362784071,7749.2005801619,2101.049729727282,7955.701806113267,-5077.076113220273
-6093.3004042832945,14129.998346047365,7652.318539224936,2855.1021607868274,5804.258121086072,-4032.932069004759
-5682.505499370363,14107.93786735735,5499.797586854323,3132.9631188319636,1782.5609686853425,-1990.6512235873358
-4658.183706062533,15248.84729441811,6591.994129013464,2712.39804247403,517.3876726262808,-590.4557090108548
-4561.4190950909015,13040.28433077151,3612.054753635291,2080.7108528464437,-429.58283212497554,619.3898559756565
-1730.81095367632,14914.684412251107,6430.542778238509,2285.5805646494778,-1204.4752136920965,1298.076867380536
-4620.886673229947,13971.099553322683,6647.075258967771,2335.2591212606067,-3342.4630397487317,2405.376211997102
-2360.9626136372062,14620.754154227086,8101.889271684482,2716.794983566661,-4887.508408172638,2804.627506523551
-4146.341296928353,14493.260692083275,7087.870594438098,2678.3018683447026,-7433.362129874688,3295.1402239697786
-2569.7769935730475,11317.837717767423,5325.850685831079,3060.339568860394,-10162.137230252938,3489.3987049353905
3577.0925827712663,13992.460156296793,9651.36701517281,3817.0318870728097,-6087.209539281475,3495.4914932834554
6504.096041684688,11714.719733432712,9167.513009453882,3187.4233650849906,-6997.860479162483,2802.838151045146
7423.563149311922,11921.513303744468,8531.230980330747,2845.900863963638,-6081.763322276655,2003.3349995830793
6736.072889462805,9630.57046640303,8585.42667827032,2566.1460140721774,-3819.0660595099775,1597.169970143561
8154.892777788686,7428.383695525056,4626.182620242413,1913.2052317293947,-1437.5869800814992,810.5045702362843
10015.127903976936,11887.66877781954,10567.748158663015,1623.3522784711977,648.0203905043968,92.62941561956781
7736.167938947333,11700.967801087176,9057.882752374466,1259.4170024151185,2005.4106460041862,-478.8782331249918
6736.242819614067,12298.049877790394,9144.397185760727,797.2153413283238,3212.9440031412805,-750.77637772338
6086.00696556066,10504.80160139969,6632.3761042082115,132.6542850490114,3715.389246264417,-1226.4712331555577
4243.603454326247,12507.902010480173,8773.596495870623,391.9375061771509,3861.9809347585083,-1966.1419902070702
1639.600516236047,12797.742525269441,6391.948446274578,635.5604961056948,3366.072646756967,-1915.402872983503
1019.3679724010632,12991.327193635201,5757.611097490448,379.77535224301215,3138.787975741136,-1866.269648953452
-430.3909694933801,12825.414489328617,6147.236778316994,183.51159148504482,2561.7401861818303,-1427.154706142895
-442.93571787213614,12947.019866942384,6425.303245860663,37.76613999818001,2105.2561352247317,-975.8675890228851
-334.41326184625495,12899.526207353274,6708.260990626675,-73.54432016399491,1603.7867066962376,-575.9534398308567
14.129913143190354,12829.524771319708,6652.772405711193,-149.4796383904228,1051.2633330998174,-231.90500448377347
901.6095096628172,12834.573550052426,6570.956633712501,-233.40887865515325,671.6207782866437,20.579188702679847
1082.4206754430459,12888.280699325953,6349.542404999834,-364.6063508147083,577.5230815556844,164.82761398700643
322.0199252857587,12895.11473467605,6665.4677018673565,-429.99308918748835,289.4926754011642,343.82691690668156
1942.3221823955375,12786.659675988478,6777.450712738921,-502.4880978333949,-255.3462822528144,672.4948171633973
3216.8455323200155,12882.975628569055,6990.798262304588,-508.7008883650418,-89.3928401297152,492.3023644087285
3440.889498216142,12852.136635981802,7458.855988184485,-438.16066652495863,541.0345329704336,208.23014543801673
3373.899522179071,12874.322933526586,7542.693557559859,-333.8448245058105,1123.9765038434389,-59.227442355899754
3367.8938256198003,12846.448971698088,7332.815713351376,-262.11212921822283,1540.6640311941935,-300.44871163753396
4081.8325155128623,12881.816431392377,7001.107575209042,-246.3796640279602,2343.9345889033575,-638.343391851018
4087.582284374343,12901.449843045368,7000.440823085299,-259.3997921290625,3310.4907701548814,-1010.3486556657764
2328.3208316849027,12790.615500633648,7081.8497352695595,-293.71928300648193,3729.442373478369,-1195.3036150109835
1804.8443598677409,12947.237092437063,6366.5403384964075,-441.3732940663339,4222.444367804914,-1082.1173142506225
-2458.7214334695486,13169.425710325206,5476.749814651855,-2028.2363974214077,4820.03304743041,511.3394168625739
-4057.259607308254,13415.327835371136,6033.7586370838035,-2389.9163660772156,2930.5926490740444,1430.5472606184449
-3141.360262792523,13797.01970901526,6836.257723609356,-2561.0689443741035,1057.9657180538888,2313.545184747015
-2613.4196563499386,15156.434977438324,8278.819921306978,-1953.418009642851,-848.6579761469429,2388.6726090953453
3381.6281578636335,13843.388345641693,7081.387082204316,-2456.569243959574,-1455.2251783695515,1764.4231497103617
13660.678514800326,17007.52176884268,-532.0500903882847,-6139.392717417056,3229.6984503418216,-2863.2956596878594
-1655.3386303796703,29746.390455979297,-4256.372658005389,-13501.12515210134,7613.72885658152,-5043.371232428438
-11333.804926065677,27875.324072773525,9029.387751721757,-18358.68607639834,108.18233338851817,-1432.7391719199238
-4878.370764206488,21183.137422382868,7398.293711161542,-23715.478676404582,-15398.39503627011,2674.060088786213
2129.579804681937,12172.275925680902,5530.11592351727,-24910.84768199808,-16927.59763254238,1870.5527784127487
4500.912756488596,6699.10535123979,5843.764435590941,-24210.341989212917,-14627.432101717679,214.7648679192709
4227.34065580754,4279.426316779701,7666.44942639779,-21763.515845543512,-9463.415340402373,-696.6686600950285
3667.070707404882,1431.4764648463556,9318.665811896486,-18683.683735959254,-4656.013207235725,-1073.2678532708262
3036.133873094898,1234.0556345877528,9874.125548648353,-15600.004297565618,-1161.3374199697737,-1261.6421175076553
2225.8542307248294,1259.545699020795,10446.47252806389,-12451.79571755901,-434.1931206972758,-974.1321978596258
1496.0943190667858,886.2124387880622,12510.28088749921,-9176.449546125157,-1687.2935198073174,-461.8874523616707
2845.3959998485034,580.6768085771446,13620.476066681855,-4325.638528654499,-3805.996099071293,86.89931298729604
7365.633036824933,1363.0202714100155,12811.712204959564,-1021.4133691988068,-2987.7073641330344,-234.035869064393
8533.386431988927,1981.815741240862,12349.909337512232,1051.8823075868731,-784.2616575838773,-1172.6330310042983
7761.516747810574,3289.6251874823433,12040.492912262396,2620.323235823276,1118.4271308040613,-1858.4780417214445
6560.189448729794,5106.990010655132,11640.943385593106,3712.1365049675005,2406.2634993486945,-2169.579768342348
5922.195195070934,6960.816104262643,11220.644513735873,4330.071231490883,3299.0347153390867,-2414.4871020461355
5476.179083266904,8855.362306234718,10669.633448525276,4708.501280910302,4165.73609313276,-2794.5440883201345
4649.23678148355,10664.189568128331,10121.980128010024,4861.0823475287025,4690.800178069404,-3314.3075465046554
3554.1203285728834,12359.688722239845,9544.92015363086,4868.355634534727,4983.466707788772,-3862.1791219822835
2227.5199831441146,14196.883174063816,8718.982049254462,4466.985284858672,5102.52381039493,-4219.843605748287
827.3455742697334,14941.863014757488,8180.568578447509,3897.5421447010335,4336.128482886245,-4072.913728136377
-523.0956041983821,14896.97444409559,7944.559169808623,3439.452948983772,3527.171682852399,-3617.6447884603826
-915.5447920645562,14021.484873280806,7418.46507223801,3158.5470645855016,2722.624125043468,-3037.914023780853
-818.424020678847,13261.773632434002,7327.974740716184,2923.2136066948037,2250.540389278874,-2534.47664721686
-188.4342060852542,13140.112589943394,7293.784933705791,2769.5831040050994,2461.880552641404,-2075.3500026918005
67.95731308777187,13540.146491939482,7798.563252468439,2618.085148211357,2465.611081376233,-1565.2448072952902
1297.2221854944755,13942.106944226958,7952.987491840576,2435.7414306648107,2678.704492497737,-986.0383263039781
1204.1112291933896,14314.177135055545,7823.201060472848,2053.5402271842504,2726.896097068515,-381.5194709555062
118.42201539299529,14214.846974568525,7809.474427604347,1620.1402852285978,1892.1568590193845,445.16376574923095
117.78502250306553,14364.728396450979,6940.122334916035,1207.0805821950557,1286.865675930818,743.9917861248794
320.846715015676,14046.193270625374,6957.208112514244,965.9233711234677,956.5441705159793,1001.1159082036788
841.1740876278274,13267.55092295925,7726.333434651874,981.232029938189,642.3336697998774,1414.8873529474213
1264.6372017322733,12974.4563233053,7649.37618777963,888.3864900361733,701.6346998561229,1689.8773647555718
1681.3000447998033,12810.66870911442,7727.263398855358,756.5610718463643,934.4024692179689,1845.816937279659
1777.7302150182993,12666.917981524688,8218.944181975536,810.1046282180411,1055.6036378953024,1871.6620982049842
1872.0281322381259,12790.424960759306,8427.845359851253,869.3852299910419,1114.0512593622882,1693.8193055673012
2846.0535186334932,12533.654263207352,8568.813402419291,866.3722382309709,1807.0481822421523,1363.0923781340548
1219.7042655844355,12109.662360337525,8023.429397264332,838.0332651455765,2636.4430667427414,1020.3726357909538
1248.487083537501,11681.372392609372,8275.109804713768,911.7774775310818,2828.939064814273,973.6275726390647
1704.4854246827265,11656.201544294834,8367.069945988065,1043.1835580811348,3221.4858178178724,839.3668124645203
2397.162890394933,11540.15514493904,8386.395219246886,1158.7130368537648,4110.999596522898,579.8233014614661
2742.705481506977,11129.84698157356,8679.33425441263,1261.965973707346,5235.973446608747,380.4207059594575
2114.2501015049647,11207.545850079301,8574.722309717643,1251.2330146388244,5735.43573757883,230.085380144321
964.5757870939501,11654.392014048335,8545.299737809535,1194.8174780037639,5416.940233162939,83.96997017655023
755.4996383682645,12104.554317943695,8525.433893201835,1148.2868436455556,5239.007599812553,-112.928074121292
898.4298080019335,11682.829211595223,8273.667395555542,1254.6008637757204,5005.956843846262,-332.17410765268534
825.4685812525599,11543.93897851692,8065.519835650051,1208.004386227151,4744.586600858509,-314.3220512874974
261.88998252318385,11491.397886098333,8420.263888053294,1234.96155070602,4734.823596579625,-221.70593197178715
-361.3209291141954,11944.375257202224,8149.13005812268,1256.3012535111773,4574.86886416047,-316.9015715150036
-595.3926785276224,12193.511358820646,8198.972501663247,1340.5351718150225,3945.9725150626564,-287.7807358587811
321.33224964346107,11582.121509387018,8481.487385077287,1528.215717789311,3705.283448443051,-325.8560920913755
418.1033955918418,10730.451448480855,8345.793551369368,1704.205602441794,3769.7917393297034,-405.525231439608
729.8292900323171,10404.67653244448,8494.683024380858,1913.1606853038668,4316.9739121267085,-437.7792346063914
140.15200071815926,13361.422446163691,7054.287595639917,1658.0245966743005,4787.260110187082,-374.6009432339517
-2025.5281126361626,14877.641175420671,7433.2229756673405,742.1830556467904,3964.9610501328734,15.73347641194124
-41.125244863265316,12334.227941298512,8334.594780592512,604.2584456869228,1148.7222707784504,480.4509545646152
2294.77786089737,13679.173150019555,4731.004336243427,103.20296701314433,1593.66647031381,182.42413090208672
10.918282148837209,11771.43281081389,9977.643148056126,-49.88174414571126,2682.6143521912695,157.5528995809375
707.4291082816495,12727.777700600385,6428.605368477101,131.19794366745816,2049.724156761524,304.4738446243891
1288.3610452426565,12715.372577500957,7569.001345439897,-367.4647594367897,1939.3600123427204,126.84206931294891
-369.6736048020209,12385.284123623695,8389.911496634246,-263.7007490513499,1421.7871711986634,140.69463538249101
-883.7690939790087,12317.705181558777,7990.204302504619,-300.0028655480425,569.3475009927237,290.1956003230325
-882.818663904099,12295.294141881293,7635.730823189375,-351.1553393026495,-707.4652284615914,484.62589496639083
-1203.5586768614712,12200.441160215587,8743.730783161636,-325.26920962518017,-1758.3960277074173,703.932578465969
1991.1982802435366,11943.641639623927,8975.031790105584,709.8235787742408,-5048.256865631785,745.2164568496366
1678.0774279262882,13756.030141172463,9893.070170341858,1236.090505380658,-5274.86144196109,388.3695172485232
-2989.5525826538496,13752.041795770107,8261.820760021596,2751.1489123784295,-7048.927666425588,63.38841624692998
-1656.6084420652671,14697.400593517115,7654.837110428237,3525.8123227967158,-8571.478648092592,269.4748099402212
-1463.5556942181934,14661.523249897484,7798.080442949365,3743.9521964540145,-9496.35579953648,362.90612610161907
-1923.2052709169782,10843.198826812455,5337.015979447453,3705.920364266581,-9692.570370210358,480.214950829577
193.54767587214167,13066.908652737588,5053.228664501871,4137.658529593124,-9137.920889862013,354.11076153011646
-684.5833274548868,13575.798940356088,5202.139476678683,4250.444921837886,-9320.178923243593,327.6432949733616
175.77319448215962,13851.179306636051,5736.98474542563,4232.367219616915,-9807.494026532433,527.4632026548622
-2355.053750410269,12975.655890348049,6321.909396019587,4339.0382085065385,-9781.99399681386,1236.3466297120885
-471.89045953074503,11538.765433593417,5815.600363660134,3679.483524005383,-9924.746124133164,1779.7530923715524
3380.715104489301,11515.582083720328,6249.549643959955,3226.8031128255457,-8742.875583503086,1800.479421988652
4602.639251528171,11325.304807943467,6407.998964185809,2936.399902562435,-7046.141772530169,1438.4425167999634
3979.4799989744547,11577.694677837473,8323.771742642317,2475.421612840262,-5650.388434576574,1330.827025417801
4932.981658941348,10066.701870638779,7346.282634085966,1902.660540317501,-4019.282772971659,1032.0254027027788
6351.904607908031,10388.440249254812,8428.003828249415,1464.5728495997128,-2236.3207887867347,510.3147258202497
7821.069161073422,7593.937909720616,6036.916247310209,1159.409587305041,222.64073085282,-129.74090313263204
7931.20115121768,9888.051182458146,8130.228591299692,885.3757982355886,2910.7512899698568,-854.7145897956995
5028.631949183378,9435.287095249862,8603.24040601616,546.4240579859961,5056.55501890241,-1664.8385338636144
5917.223370170493,11310.873322746529,9848.18857381905,402.0704046615091,5263.162454373422,-2026.8089833416477
4709.177431029414,9874.361607730998,8474.131334929618,-135.83820579569957,5645.09624273022,-2270.6620102271772
2560.3111367399883,12185.010977447622,9237.738183747208,167.6487334492194,5275.017247686887,-2859.0539309520314
-352.2640024055051,12274.694216057296,9269.054831621805,543.0984585950395,3665.8872085825174,-2781.5873783196494
-767.4767842568324,12329.274638502095,8798.11339562277,820.8124627613208,1902.6522738141302,-2510.653166918097
-796.1611734733481,12341.730020706143,8461.697899422978,1004.4778567139489,384.2840222686699,-2248.5414120783125
-1219.9246343090042,12400.815982890177,8261.684571612537,1154.6266117326968,-798.2638782164453,-1830.758298063465
-118.01591249274041,12547.925936598152,6980.638677453747,1044.5732641988948,-1128.8058946452957,-1269.2293897047514
-1152.6753538051248,12574.159386364592,6874.207055884851,894.211324480401,-1381.3111250919128,-820.858737472619
-1312.5271633987468,12625.02870020517,6751.373420187578,750.1177590083623,-1866.7388243711707,-288.8313592207719
-725.0008417992772,12645.435839265503,6421.252776904139,506.9394397001798,-2164.4851988771215,177.83079553494727
606.7328402353897,12617.26378270277,6365.841673328446,254.84289004716973,-1865.866759388317,508.85253444386865
1394.1260898317996,12611.043376557986,6667.71367628707,23.697372739446134,-1162.620136603868,616.6105300372246
386.3042460259854,12614.195182001784,6638.256223329875,-159.80744350222656,-949.7041730131874,766.3950721345096
-9.162628145499301,12717.273121483062,6786.823651133357,-330.0450950989727,-1135.6155257724668,1074.1974161232476
243.12456192343552,12757.625910105133,6372.188229373092,-593.5009272656791,-1200.8695252413397,1350.1836245657341
-155.9199092392993,12716.340514456379,6173.1363012420825,-914.8008735398502,-1524.2722648214542,1645.5831694154322
313.7009117619987,12822.709710650728,5890.541360260213,-1570.7165736858128,-1337.812838635583,2179.4051130373878
-382.63687000796693,12848.598661597955,6152.204733708432,-1973.9776899728665,-1224.7566168658611,2528.9662552037607
-1241.9419250844298,12875.70467427582,6650.390841965796,-2316.973800143671,-1632.4833786488393,3058.9415687254327
-1515.1731995035252,13043.783947960412,7109.589402648109,-2612.0453323602237,-2563.7633712203615,3611.8796598167364
-851.7416901404698,13259.191753473016,7566.619780479789,-2969.6418085648534,-3256.1742364222787,4262.473619049124
4672.391387439414,9116.041284534143,2309.4333569733517,-5469.004560029785,-1586.6261370970321,4119.471127099502
12104.0336751368,12877.774622976745,5164.325403099448,-7939.876012222355,2416.43656019008,1805.968366854338
3514.1574354316117,20973.722720176956,6951.086614438352,-9336.36848556354,1931.0293669502748,323.37083301556004
-6223.039678644616,23705.131477892886,9735.24496922852,-11769.21219826895,-7227.1332889404575,1896.3056189702863
-1130.1077840230855,20166.534771372517,8027.198139089799,-13008.25524647395,-11852.305651291384,2318.640412852394
4082.811354473024,16892.81819227773,7532.721813975928,-14517.46469348536,-11267.150935211515,1909.9778562901085
1803.8142459994394,10187.014767657021,9480.926281609882,-13498.956691115,-13678.579256645466,1643.297268255298
454.5052227473496,6519.285159620493,9229.686738713008,-11998.943102135385,-15480.723730694965,1869.259765400098
1209.773586863503,4819.186206797654,9116.549877967715,-10298.974917524052,-14225.706804099984,2219.462784294909
3439.600170007326,4653.586984523404,8987.040528502017,-8698.77504944442,-12015.837337613764,2200.546342653773
3501.157784922892,5223.541267514922,9772.795563842134,-7098.013761619503,-10860.047650504592,2117.3862187568775
4348.622888906827,6299.163668550709,9977.996042184051,-5560.402118052481,-9338.827252633835,1646.0367131000676
5420.364962988586,7998.130534723267,10078.35810893885,-4551.86785537924,-8246.209545302263,1047.9889942279783
5156.933566446824,8225.775276400682,10159.7939891944,-3961.376579075856,-7455.779340579389,618.9670643862307
5225.668417949114,8500.011248359096,10034.18554268076,-3461.8519165814137,-6705.259954405893,154.10780139290023
4862.840128873503,8110.42467672735,9924.284370607465,-2940.0314881162244,-6185.786959465255,-365.02142004891704
4688.744382313176,7588.752169276358,9851.75357756997,-2373.1791215455105,-5549.692545073858,-853.084728935434
4370.469954815514,7866.197801979855,9328.471239387953,-1803.508050101621,-4615.914976010132,-1148.5465610243186
4331.001717015012,8062.410557233296,9527.941628911996,-1240.8052921687836,-3797.9759407418824,-1211.5681065079068
5280.765653928189,8366.372719622917,9362.404459885298,-644.1060040158053,-1957.0990365930838,-1510.0833456873418
3770.4828691295593,9267.984701368636,9344.6848931537,649.5604243866792,-350.54253173773986,-1846.1961250559173
3861.3285793580126,9681.312394131257,9202.16162791411,1293.6083000771682,632.2734128314064,-1691.8158120751675
4414.151297491052,10154.713188011554,9134.445171485733,1746.0624817772753,1775.5327521851673,-1659.7324894888607
5280.133971800619,10564.248790798016,8941.67169721598,2022.399486865212,3673.631185865669,-1651.7616288728848
4877.3385366125185,10913.476038956564,8849.367085011916,2151.8416764508893,5305.712471243432,-1718.6174386033294
4307.829113054725,11004.324673921677,8745.671595370759,2355.3229656053536,6455.2400566785245,-1796.3173822372723
3843.5885567117903,11272.88724275188,8563.109631746658,2437.2689234735367,7226.5026690247305,-2021.1944531556944
3070.7916305840868,11738.687192802017,8330.97301377661,2720.6028423141324,6994.726422375699,-2295.953327178755
2719.9780331885518,12805.096126255683,7650.653858021001,2548.3471381005606,6650.513456260118,-2451.5272513960163
521.4352521479019,14802.977015581451,7674.310389774917,1080.253520437127,3514.8614028282022,-1614.3755390229703
1478.2690305654382,13974.037606167103,7641.176781227578,648.4449610109411,2700.2474509955723,-1254.25032360792
2113.053789941407,12809.076484122683,7558.169507584491,416.54965180372653,2494.615904036781,-1112.3490127411458
2234.1473014820353,12111.377832414848,7711.304806955049,258.8441233260825,2316.4674730337306,-786.9211681525924
2008.3264624730255,12045.511087986164,7785.20939521224,77.74676250298056,2254.7125242515044,-440.37987681674
2375.090371396343,12183.096969763825,7913.300232184616,-182.5176186644365,2498.5364678113233,-194.80384149588232
2705.928782064558,12373.686577158765,7950.311024562383,-394.48738252084917,2601.803500424395,-43.94263530327148
2890.729251168195,12063.390966663137,8139.27609414355,-627.7446669916789,2737.6659858190533,86.6478212995505
3367.1857674730522,11662.042821742387,8156.911139612196,-898.9760313452302,3231.7031361616723,42.80302726757088
4338.875561086574,10889.393869257205,8501.24096327568,-987.6517036243408,4291.6051057314135,-353.65029296124754
4135.418663064795,10657.441230089746,8712.516671004738,-828.7409273171316,5432.4773910074355,-695.75306661418
2606.063433646352,10294.656542240995,8909.380351469546,-401.18511688888395,5600.082392044384,-708.8085987053335
1775.9223024855826,10178.860977076585,9027.723539144761,142.79121714822784,5011.534397055317,-542.3357278631371
2587.0351849027966,10199.730516481723,8922.393344095812,523.224037534531,4916.884988788496,-612.6960836242324
3119.793125287417,10266.867292800083,9113.116649531225,895.6107232384464,5652.53193247979,-972.5912941504702
3051.186477005817,10191.165882238649,9324.200567766018,1442.7506468896165,6414.377881263563,-1449.638677718125
2216.6560789167042,9912.028187753593,9132.731234729987,2076.6442869816233,6325.898157907777,-1806.6779100462325
1780.6930598708782,9984.722190298433,9122.996945315152,2844.5615096317274,6226.0898683768555,-2046.304582340924
2042.6352467151669,10726.352399486579,8796.70347745221,3570.997464629722,6980.612151240581,-2594.135447295866
615.5236154701738,14223.288162957935,7938.190125855525,3441.5572576671184,7695.055352747054,-2687.0311928310216
-3810.287273644124,23754.985936614743,3806.8880658707885,632.3049260901613,6878.733714578787,-1472.6741892640307
-4337.121395906641,15286.784431992059,12284.88997634693,1340.19674454844,1521.9626967102122,-833.5169778797583
-2517.3000087658993,13096.700843819564,6750.703746815525,1370.540995687283,-2216.764852161861,-138.70291336407305
-400.61697356771134,10252.453169540882,5246.718104273721,906.1004284933271,-2294.1894406281517,274.0029895601986
-408.5950222645084,14665.589101774027,4095.1584201703977,-151.38400515125875,-3286.85223177579,405.54462617246315
-863.3458998305659,12124.167448315735,9615.729559947267,-52.77035346789055,-2381.7916970859674,932.9221622066322
1992.098572792206,11939.344230365694,8469.82123324593,-128.16645248060556,-2804.5505600244146,884.8746415848813
1356.794940720453,11746.748491106917,8691.93751989443,-64.36895706149829,-2629.843678043679,831.2178031781204
1371.9484209572827,11624.265255522814,8851.10051914196,49.93586388244182,-2524.0381572902456,896.684636479805
1941.4444020712747,11840.28434747388,9311.658668222999,259.6703766277987,-2673.740352111586,824.9148180774899
2379.28845719502,11929.533937818123,9478.462037610843,440.40037276587094,-2711.5936710323476,670.4766328211965
2357.663170533619,12023.425226046786,9048.756213641745,590.0363163061592,-2895.7630967493137,479.03892274176036
1954.0933553151265,11852.150365918433,8823.872181433431,692.003569942132,-3066.7972353442065,339.0018822709303
1116.9769460912814,11859.98505752382,8830.09095394311,823.3428757157609,-3426.2754878255264,313.1987834791416
-74.75161946173387,12871.634056263987,9328.071955114801,1226.3282884676694,-4690.763040176388,397.04850119577293
-2544.6252577866744,14156.920242889746,10766.280717544236,2597.2077872054565,-8877.500195080722,881.916591577489
-874.172679014507,13355.34007686846,9063.086426661455,3310.3159350570727,-12233.899039187405,1389.2570384799155
1083.434921216182,12439.84300741113,7074.692269076517,3546.4429165564784,-13107.327537055971,1359.5528188843803
120.47097076800463,12100.701742501013,7090.642911185077,3581.9953537490173,-13537.464771264615,1397.5086938833272
-874.2971496137714,12156.807765176258,7898.512982438508,3555.834635527513,-14732.640793611583,1698.0762505122325
627.069590508833,11343.854957541676,4857.600140040742,3872.4556471543333,-14710.96107943079,1288.93405446594
2588.003340049117,15922.178123922195,7066.079020384478,4069.2107206242017,-15102.860185067691,1121.4159078868984
1259.9118840811686,13953.154979665413,6825.575448830759,3816.464065080559,-15013.576468113142,1256.1801942309514
2201.0458283027547,12926.844630247871,6429.659531385002,3554.4179565878426,-14359.931304848833,1048.819773942965
6665.122770314344,11724.195519376011,5793.036759084193,2800.2969234190155,-10524.866302708675,787.2067517974674
8034.311055199185,15392.409076543456,7945.0408295797715,2676.6410792500587,-8183.81899470634,82.8030165271399
5878.084800615603,13691.612960803353,7483.638661408722,2435.1008085563785,-7085.697464975922,-180.2763142695266
3334.3434344540965,14264.478721660984,7202.127006497735,2440.754538047762,-6665.759227536412,-466.62506884131545
7380.1914901728005,16798.931488318663,9197.662162601595,2380.2940321048254,-4742.329944679689,-337.88362064878436
-1593.4969440437515,12577.158116857776,6579.681364114918,2350.682268099113,-6514.977724940652,-363.0561327840233
6172.818388011269,9148.160260433264,6760.194667854197,2047.5045232585694,-5966.5806867633455,-336.43055966481046
5279.658169883552,9827.809792406857,5494.8664498397375,1788.2152297970156,-2104.696595852582,-454.6886608899483
7106.440161891758,11026.327981244622,9131.11071195602,1671.8732830499525,365.8334788549289,-972.4458343672844
4897.818582628683,9385.998238179845,8042.857308894847,1340.640001022432,-553.4034736328476,-967.8367262717709
8648.376817075867,9774.799759042682,8991.973280079466,1246.7876964319037,103.99157258395171,-1643.0141301410104
5385.140348082262,10934.79063492716,8676.822558097414,1115.5533487610971,736.006573298724,-1413.1784737838173
4858.445983012879,11891.299916636422,7521.981441407105,1024.253154937946,1219.3098386356191,-1963.9446033319987
3449.3317220776935,8432.93115514473,6641.318388428239,663.0550839996837,643.5565887020933,-1683.3772645140064
7075.79075037757,10124.123267240115,8023.0048196175285,289.2622450479882,3173.1244963954464,-1764.4143500509701
6411.612148068263,10547.015197000237,7805.449216673778,-248.95527282983883,4901.978742992757,-2117.237212639481
2636.357785253155,12318.049683128622,8362.749109014523,-113.3986536997017,4829.017684950666,-2409.78883286638
353.80165340031556,12413.533513321785,7418.809474814233,92.54360892400611,2979.8668544692273,-1681.2086883499542
1338.7184458937536,12349.913726407118,6906.658348906085,-7.06500479899854,2546.9237571198696,-1374.8082205033147
1390.661535787135,12382.579580628444,7282.454946969354,-47.80540249696444,2167.669797127413,-1099.9982008711022
1056.5129765934078,12368.288717967886,7617.572609415409,-31.241424498083227,1670.5444358660318,-800.5887860377267
836.8104126389967,12325.418138626224,7561.163577281375,-14.37826514544648,1141.0410953021667,-465.6181006583068
885.5470047912787,12405.51463334915,7624.750156459903,32.86997765928892,329.7641133061145,-161.4327326912394
1165.1112623932986,12406.468003704913,7424.782060028508,48.81568328191355,-155.6463151798819,142.25382157103286
1967.6263890967039,12385.320589090908,7418.491867285407,38.763561102744085,-473.15353909255947,327.2503423757159
2380.1400066089827,12393.436586276002,7559.458381479527,45.68778704471579,-723.3400976935501,389.5246692624567
3086.9282445872914,12348.000195793307,7709.870761939652,123.00265554319027,-838.0324336767584,239.64643010765047
3926.0600910577778,12524.951898659143,7227.126645494726,215.68466024699836,-658.7769927567916,-255.1628535239202
3543.079891721383,12525.761031478947,7022.698435944572,135.44572747354871,-414.5556612311773,-379.85333034779677
3233.057433345689,12458.518740556821,7098.803237735018,64.91247306290636,-293.65721538689894,-439.48606179402583
2830.148972808095,12506.334348031163,6750.773015829261,-43.17342228294721,-18.094698865922357,-449.81052111992443
2642.12080825686,12568.710977740293,6532.993399900738,-235.9421984846271,396.20338536467233,-375.5800436394764
2136.4279786892366,12536.318131833084,6536.363794506576,-385.55948256142335,440.8317960454006,-263.44133592662007
1931.757970361589,12437.689399574545,6593.870248503322,-546.5784811626097,293.4917870320614,-88.45845313837171
2596.946766353315,12497.909447593964,6639.800197141212,-678.512257998172,708.108128235667,39.790345746410324
2662.686476851327,12383.296382112014,6965.85374588831,-811.0454293034257,1229.347675166654,99.7023245466818
2001.675210109604,12403.398576293788,7448.5312921416025,-859.0814448601769,1406.4614416619143,293.4326662248288
1812.110368699755,12400.916829926337,7531.559864652689,-850.3542408079924,1263.7805369614944,472.19049747217696
1906.7698064035649,12390.90286738081,7553.21683112289,-832.6176742197601,1234.0892107807965,660.5934069599756
2008.5802694518595,12308.655604927239,7779.842664205687,-765.102847977244,1064.2081567896576,804.8345622657918
2574.5841880982957,12401.049343659915,7803.548589671702,-707.056229232913,992.8843375065821,868.3308718167657
2542.9282270762014,12312.986630441812,7606.630406220506,-652.3423131400192,867.5072136897678,876.7378035332952
2307.7767972124557,12299.143662415088,7671.923212699729,-594.4586453849436,540.4326308049126,949.7910780048853
3200.4865065219383,12325.995524895596,7921.110379736036,-519.592683143633,203.69871031229272,892.1137466710898
4618.318153313754,12243.86326016266,7725.679207419312,-460.60513295899506,317.5871836640454,571.0296296234235
4248.826103973599,12288.36608114545,7908.6900863555375,-279.8817667627471,489.2048603037091,-29.160823593759446
3956.5469382533474,12404.079772816514,7622.037302313912,-254.07331563441016,551.9410519496845,-265.2144581037311
3727.830049980801,12544.957698823655,7385.4629872294345,-270.3128589079705,682.2301886863703,-461.5672883189664
3421.90586106201,12430.620330904316,7404.914732764712,-282.1366304405457,820.1505714278514,-630.0047761316732
3148.5603139867712,12350.956480860737,7329.015415367994,-313.9880546673444,844.8862370535113,-739.4663048924762
3030.82027339208,12365.364679135773,7130.113549392675,-349.42291706856525,920.2670302187829,-789.5881851767735
2774.2269045580065,12418.288156975528,7218.35318921965,-424.7598694635889,1008.7214351761642,-799.463398430855
2571.8214343764225,12316.63759629768,7179.207598802321,-479.79616352746797,1130.3892513039802,-777.7961321245807
2590.7007556132967,12365.967946015937,7112.323459430542,-528.3999047609843,1442.2073213307037,-734.5462566795177
2405.3369919099837,12507.90440711482,7444.765428240545,-583.8263518592131,1941.4089583936984,-676.8442316958223
2131.487572893958,12338.081564266444,7308.824535309887,-589.1872286597915,1970.9117561359108,-585.2079445665319
2065.060024377849,12367.306100490892,7377.47782392962,-639.4626876779902,1879.3296532663885,-451.6669537609246
1907.7874087293674,12402.328921295302,7381.769938989375,-655.8139192474331,1668.4931802111407,-317.3236706958294
2757.18892889324,12413.001155940034,7167.056594544583,-695.0103100191957,1735.9186528795412,-289.0413708340182
2828.9514663123905,12278.225628968372,7484.585116357506,-724.1759797201377,2058.479742739625,-317.44114757762827
2010.2382487029763,12301.409107953183,7695.7978036650065,-676.9368341584437,2033.4569506652679,-258.75569959715574
1734.883727967041,12444.59974719488,7709.969732173768,-650.7624145163276,1981.9666875516853,-122.94818579094438
1510.3116766179442,12358.631015026722,7696.224459961942,-627.4031845789162,1765.7794664669532,42.33053550718358
1406.2510442124483,12311.88482791224,7579.860435329308,-593.7667195587568,1226.2196748840963,369.24115286945687
2044.879721767889,12322.897291694924,7508.301546306866,-582.2491015517603,743.799407505861,461.01380454099007
2927.7459169089175,12302.974543963048,7707.672602739062,-548.6653755482893,564.1816292337711,378.6308966028547
2916.658343020103,12273.615352764878,8046.190988982266,-452.0789181958105,555.5347078015888,276.59110375917265
2807.4578165348544,12302.830981672661,7842.006706613681,-395.56437674322046,680.766778560076,188.85849318661727
2315.1530414574595,12351.948614950466,7747.439494368738,-344.3003632284191,591.54448884404,198.50577495624307
2342.911513607796,12290.500413512302,7583.505368994693,-322.591877650439,528.0552772666292,227.27549517062945
2575.590298996161,12322.599518533289,7557.962223338093,-327.82422824951925,526.6222533167776,200.5630831449419
2612.374727157211,12367.662781150853,7608.988070926296,-309.90966433633076,512.7670698317554,192.81230302347078
2739.0979922806405,12272.876689045856,7483.9999365887215,-332.7890420085114,-77.10900181747587,68.13205878909393
3311.3069846405724,12286.213328924583,7629.794694752986,-326.9009823863689,-311.20576157457907,-101.29411445799518
3512.6597603497103,12246.272165973629,7531.455470450475,-311.34902481820154,-82.5793063530466,-256.4258349026872
2712.4833006429985,12352.420989714306,7588.442399330297,-304.36915865706277,136.29745297872753,-378.9290637808187
1860.681696852436,12366.160739517463,7617.649918718191,-313.56071871439605,28.9371817281974,-337.1092738935949
1353.070543694248,12420.62812325658,7548.658198454622,-317.16067544479637,-275.8050901236529,-143.7736537512108
1361.5899599032173,12360.531654213135,7560.58137543889,-348.1629259993457,-650.3745310481411,71.9918552699021
1736.9894832023908,12291.26553793434,7550.889912345308,-354.4894026061446,-911.6542035448624,228.68333971105383
2098.4255355455784,12318.517614652383,7448.750914448532,-376.13753905356185,-986.6190364521448,303.66501367313265
2741.8360776120217,12238.671836663701,7513.230689379424,-388.7036396188372,-611.7254562281992,306.3812950948715
2641.1240969243454,12345.990538559443,7842.831808201723,-381.7559867788583,-126.08950157647335,273.0125317556824
2599.477417888389,12377.226038932602,7719.056151540167,-342.7698844158768,-42.55242478150108,258.3506538618534
2675.683696892799,12354.619569189314,7595.74852653156,-302.46116556017313,95.3626989947722,242.27694600927273
2973.953826664695,12346.745979234114,7596.344685343844,-297.1653263287554,163.37288209345317,165.6966416874454
2987.710479961389,12224.355345991375,7599.886732594025,-276.05032803158457,258.08576151716125,42.08393037897557
3081.7785493680813,12246.153806665574,7664.75344661858,-222.78319277049027,452.6772157762565,-30.946750208046463
3035.1144015222885,12380.31068236084,7593.98859228268,-251.03925978602385,629.670958705346,-142.0822785124218
2675.997538880369,12253.647272970193,7511.232798885369,-230.24997171648133,751.2297475287122,-226.90586688336836
2509.368930257913,12405.234814167237,7488.80399678962,-283.32646805501946,804.1942248436715,-225.04712702243225
2499.727154225855,12363.282864535602,7522.705965168148,-299.89291210935994,727.7377346657058,-242.87310283195967
2445.7401863154078,12366.137746961811,7570.570982376992,-319.5933373235652,593.8650820262093,-257.81686556696997
2236.021109901751,12335.815546629763,7557.844856199686,-300.9604266103495,542.4998516686961,-263.7832059455434
1783.212056754785,12300.191168661198,7678.929527810371,-322.26619376442017,384.48905156517077,-149.3980086221068
1701.822207295595,12312.859645591641,7602.712389576906,-322.1255254972421,225.53466133164275,-55.03558232888093
1664.7124119529371,12378.80070924232,7724.175790681903,-320.9134462328379,-17.87083619352301,91.58519358140265
1730.027874512398,12341.648128953808,7749.302397752282,-278.3248717446601,-301.7624676741115,200.48671613399068
2039.4049068592687,12280.270080395594,7715.174404331234,-262.35757725140354,-536.0088214004003,313.6285666863838
