265, 7, 33.618, 33.660, 6.009, -589.72, 79.59, 945.74, 11.40, -4.59, 10.44, -0.88128, 0.07032, -0.28491, -0.37044
265, 27, 34.714, 33.461, 9.084, -610.72, 193.42, 930.24, 15.40, 3.49, -6.94, -0.87974, 0.04875, -0.29279, -0.37142
265, 15, 35.045, 34.208, 10.344, -678.22, 229.80, 903.14, 8.94, 1.69, -14.19, -0.87767, 0.04266, -0.30233, -0.36942
265, 15, 34.988, 35.014, 10.742, -694.58, 208.74, 871.15, -0.11, -4.96, -18.64, -0.87636, 0.04239, -0.30963, -0.36650
265, 15, 34.858, 35.328, 10.275, -675.35, 165.71, 867.49, -7.42, -11.70, -14.71, -0.87594, 0.04676, -0.31053, -0.36622
265, 17, 34.163, 34.978, 8.663, -625.06, 89.23, 867.31, -7.32, -15.18, -10.58, -0.87818, 0.05598, -0.30308, -0.36580
265, 15, 33.422, 34.111, 6.853, -583.07, 24.54, 890.20, 3.34, -13.36, -0.02, -0.88145, 0.06491, -0.29115, -0.36616
265, 16, 33.395, 33.452, 6.552, -577.64, 53.28, 890.63, 20.68, -8.92, 5.86, -0.88276, 0.06487, -0.28520, -0.36767
265, 15, 33.769, 33.266, 7.356, -598.27, 80.57, 889.04, 35.85, -7.97, 8.88, -0.88238, 0.05896, -0.28618, -0.36882
265, 15, 34.436, 33.597, 9.126, -636.05, 130.43, 867.61, 46.31, -10.22, 7.58, -0.88038, 0.04821, -0.29406, -0.36896
265, 16, 35.010, 33.736, 10.890, -649.48, 154.66, 852.17, 48.32, -21.43, 6.55, -0.87891, 0.03666, -0.30057, -0.36855
265, 15, 35.957, 30.803, 13.177, -480.96, 282.71, 989.38, 34.17, -27.50, 4.76, -0.88167, 0.01064, -0.28588, -0.37526
265, 15, 36.189, 26.396, 14.362, -181.09, 483.28, 1352.36, 2.88, 4.78, -26.65, -0.88755, -0.01460, -0.25673, -0.38227
265, 17, 33.821, 28.967, 9.358, -626.83, -123.23, 942.50, -21.77, 28.17, -32.88, -0.89109, 0.02837, -0.25994, -0.37091
265, 15, 33.366, 32.720, 8.075, -978.03, 18.37, 1070.13, 7.90, 36.68, -12.32, -0.88513, 0.05049, -0.28454, -0.36475
265, 15, 33.660, 34.401, 8.122, -1072.45, 234.74, 1101.50, -13.40, -19.56, -17.18, -0.88074, 0.05677, -0.29726, -0.36429
265, 16, 33.979, 33.670, 7.263, -829.83, 245.30, 1040.89, -55.46, -55.76, -20.03, -0.88081, 0.06162, -0.28882, -0.37007
265, 15, 34.384, 32.442, 6.089, -736.39, 298.65, 934.63, -96.95, -74.42, -27.42, -0.88137, 0.06731, -0.27547, -0.37786
265, 17, 34.731, 31.714, 3.945, -759.09, 297.12, 843.99, -139.53, -90.09, -25.73, -0.88031, 0.08204, -0.26256, -0.38651
265, 15, 33.769, 30.141, -0.155, -588.26, 153.56, 770.08, -166.92, -101.03, -47.33, -0.88345, 0.10605, -0.23740, -0.38975
265, 15, 29.538, 27.533, -8.865, -480.41, -151.92, 689.09, -166.56, -113.58, -62.03, -0.89314, 0.15737, -0.19277, -0.37466
265, 17, 26.210, 21.140, -15.371, -126.65, -446.66, 956.24, -99.30, -76.90, -53.62, -0.90703, 0.18572, -0.12584, -0.35633
265, 15, 24.467, 17.388, -17.814, -127.38, -491.46, 1049.74, -14.64, -17.51, -16.61, -0.91497, 0.19355, -0.09092, -0.34221
265, 15, 24.713, 21.109, -10.332, -605.59, 411.01, 977.54, 51.90, 45.41, -33.62, -0.91887, 0.14373, -0.14303, -0.33847
265, 16, 24.425, 23.116, -8.228, -582.15, 15.75, 946.47, 10.05, -3.71, -34.94, -0.91863, 0.13185, -0.16581, -0.33354
265, 15, 24.767, 21.122, -5.542, -278.14, -41.44, 1030.21, 47.48, -0.30, -12.25, -0.92390, 0.10532, -0.15710, -0.33263
265, 16, 23.250, 19.805, -5.555, -193.73, -262.94, 1017.15, 87.81, 35.57, -32.98, -0.93031, 0.09984, -0.14771, -0.32052
265, 16, 21.884, 21.482, -4.474, -327.27, -238.10, 932.56, 129.31, 62.41, -33.31, -0.93229, 0.09357, -0.16552, -0.30772
265, 16, 23.878, 25.645, 1.541, -552.19, 32.90, 966.00, 157.46, 79.95, 16.83, -0.92371, 0.05924, -0.21426, -0.31200
265, 16, 25.987, 29.083, 7.137, -669.86, 116.64, 977.78, 148.29, 58.20, 11.64, -0.91376, 0.02862, -0.25614, -0.31404
265, 15, 28.600, 30.764, 12.321, -748.05, 261.66, 1112.24, 116.65, 33.08, 16.72, -0.90403, -0.00110, -0.28329, -0.32012
265, 15, 30.421, 31.624, 15.483, -779.85, 301.39, 1093.57, 74.15, 6.06, 6.44, -0.89710, -0.01845, -0.29893, -0.32484
265, 16, 30.658, 31.471, 14.289, -751.16, 133.67, 1124.88, 22.09, -16.62, 10.96, -0.89683, -0.00902, -0.29438, -0.33008
265, 15, 30.086, 31.580, 11.410, -774.35, 41.69, 1074.65, -11.34, -29.91, 2.57, -0.89824, 0.01245, -0.28689, -0.33271
265, 15, 30.687, 32.294, 10.192, -933.29, 193.24, 1017.88, -39.57, -49.31, 6.55, -0.89491, 0.02589, -0.28868, -0.33931
265, 17, 31.568, 32.488, 8.100, -986.45, 195.56, 918.70, -78.44, -88.99, 9.31, -0.89122, 0.04505, -0.28360, -0.35110
265, 16, 31.050, 27.137, 2.580, -399.78, -45.35, 919.37, -109.76, -118.26, 16.88, -0.90037, 0.06924, -0.22516, -0.36585
265, 15, 30.428, 22.693, -3.703, -345.58, -177.61, 880.00, -119.96, -112.23, 17.49, -0.90546, 0.10337, -0.17025, -0.37479
265, 16, 29.975, 18.937, -8.750, -282.04, -213.99, 874.76, -102.46, -89.09, 12.22, -0.90793, 0.13096, -0.12415, -0.37828
265, 15, 29.411, 15.497, -11.489, -231.75, -203.80, 962.46, -71.11, -61.67, -2.24, -0.91166, 0.14160, -0.08821, -0.37557
265, 16, 29.005, 14.209, -11.791, -266.91, -193.85, 1025.33, -28.92, -26.00, 2.31, -0.91437, 0.13979, -0.07735, -0.37203
265, 15, 28.701, 15.283, -11.226, -346.44, -212.40, 1065.67, 8.21, 1.93, 6.92, -0.91459, 0.13832, -0.08820, -0.36962
265, 15, 29.375, 18.599, -6.150, -556.40, 161.25, 1045.72, 51.19, 29.06, 3.07, -0.91312, 0.10859, -0.13057, -0.37063
265, 16, 30.155, 20.573, -1.332, -564.64, 265.87, 1046.39, 32.18, -0.95, -13.15, -0.91159, 0.07743, -0.16130, -0.37013
265, 16, 30.184, 17.835, -1.802, -191.41, -81.48, 1060.61, 8.05, -10.18, 6.72, -0.91500, 0.07244, -0.13790, -0.37216
265, 15, 30.342, 14.965, -1.778, 111.27, -130.86, 1473.21, 21.91, 46.37, 10.82, -0.91796, 0.06318, -0.11489, -0.37438
265, 17, 29.384, 15.230, -2.608, -32.47, -203.80, 1354.68, 30.84, 109.73, -18.30, -0.92028, 0.06973, -0.11489, -0.36746
265, 15, 28.313, 20.562, -3.419, -411.68, -173.34, 1120.48, 34.06, 145.77, -18.71, -0.91592, 0.09149, -0.15594, -0.35833
265, 15, 28.112, 27.797, -2.946, -768.86, -75.01, 1036.87, 26.10, 141.60, -1.78, -0.90401, 0.10918, -0.21531, -0.35283
265, 16, 29.135, 33.669, -1.520, -948.79, 77.39, 1002.56, 2.10, 98.84, 11.83, -0.88926, 0.11779, -0.26484, -0.35384
266, 8, 32.315, 33.868, 6.566, -673.83, 55.91, 924.38, 2.80, 23.02, -15.27, -0.88530, 0.06348, -0.28902, -0.35871
266, 27, 28.967, 36.323, 1.416, -734.99, -112.24, 887.39, 2.33, 4.33, -13.18, -0.88611, 0.10271, -0.29450, -0.34283
266, 16, 29.292, 36.200, 0.590, -671.81, -79.04, 897.58, 8.51, -8.21, 29.59, -0.88467, 0.10955, -0.29076, -0.34759
266, 15, 28.853, 35.066, -0.453, -607.73, -118.71, 939.64, 23.56, -9.45, 19.11, -0.88781, 0.11307, -0.27925, -0.34789
266, 16, 28.654, 33.612, -0.749, -527.77, -134.16, 923.34, 44.97, -3.66, 26.31, -0.89164, 0.11051, -0.26724, -0.34836
266, 15, 29.478, 32.834, 1.136, -538.45, -33.14, 898.80, 63.71, 4.60, 29.62, -0.89262, 0.09537, -0.26620, -0.35110
266, 15, 30.868, 32.798, 4.266, -569.34, 49.19, 909.91, 70.25, 9.84, 27.98, -0.89073, 0.07418, -0.27453, -0.35457
266, 16, 32.536, 33.083, 7.799, -625.73, 140.38, 947.81, 66.08, 9.84, 26.60, -0.88688, 0.05182, -0.28679, -0.35847
266, 15, 34.735, 32.949, 11.103, -656.43, 221.13, 994.87, 48.77, 4.68, 22.58, -0.88139, 0.03144, -0.29544, -0.36726
266, 17, 35.934, 32.901, 12.692, -688.96, 249.76, 1003.54, 21.10, -4.10, 10.20, -0.87798, 0.02218, -0.29993, -0.37243
266, 15, 36.151, 33.193, 12.205, -730.90, 206.73, 987.06, -10.53, -15.20, 1.94, -0.87662, 0.02756, -0.30047, -0.37482
266, 15, 34.964, 31.964, 8.374, -630.13, 31.56, 1030.40, -43.23, -29.43, 2.74, -0.88157, 0.04943, -0.27909, -0.37749
266, 16, 33.196, 27.692, 2.693, -220.76, -353.70, 1255.31, -39.52, -20.43, 17.59, -0.89242, 0.07447, -0.22851, -0.38186
266, 15, 32.742, 28.837, 2.122, -581.85, 91.80, 1053.65, -31.80, 27.47, -22.60, -0.89138, 0.08188, -0.23579, -0.37833
266, 15, 33.183, 31.632, 1.655, -1088.93, 264.04, 1008.91, -74.23, -20.78, -13.57, -0.88388, 0.09589, -0.25547, -0.37987
266, 16, 33.135, 31.988, -0.817, -804.99, 69.76, 927.12, -99.89, -59.01, -4.59, -0.88097, 0.11601, -0.25001, -0.38460
266, 15, 33.248, 31.188, -3.268, -635.25, 52.86, 835.88, -122.79, -72.59, 7.24, -0.87972, 0.13243, -0.23542, -0.39131
266, 16, 31.552, 29.063, -8.785, -521.00, -195.07, 845.21, -121.67, -73.66, 7.17, -0.88315, 0.16485, -0.20226, -0.38982
266, 16, 30.459, 26.271, -12.544, -418.82, -215.58, 853.58, -99.00, -62.34, 15.91, -0.88735, 0.18364, -0.16918, -0.38764
266, 15, 29.388, 22.909, -15.337, -326.35, -333.25, 950.56, -60.77, -47.94, 15.56, -0.89339, 0.19404, -0.13487, -0.38211
266, 17, 29.054, 21.157, -13.152, -314.94, -205.32, 1037.66, 22.01, -1.73, 16.19, -0.90136, 0.17142, -0.12864, -0.37631
266, 15, 29.859, 23.067, -7.292, -595.28, 307.68, 989.38, 24.52, 2.24, -11.41, -0.90298, 0.13203, -0.16206, -0.37540
266, 15, 30.051, 23.043, -3.660, -477.29, 114.81, 1041.08, 26.75, -12.36, -14.95, -0.90613, 0.10357, -0.17351, -0.37160
266, 16, 29.238, 21.272, -2.390, -235.84, -133.24, 1037.96, 78.08, 23.92, -3.53, -0.91270, 0.08676, -0.16415, -0.36401
266, 15, 28.151, 21.083, 0.391, -294.13, -75.68, 967.83, 126.07, 41.39, -23.56, -0.91819, 0.06236, -0.17202, -0.35134
266, 16, 28.647, 23.085, 6.674, -412.96, 140.93, 971.68, 162.81, 52.73, -25.16, -0.91599, 0.01915, -0.20685, -0.34323
266, 16, 30.462, 24.967, 12.999, -530.70, 302.06, 1078.00, 147.39, 48.33, -3.03, -0.90783, -0.02146, -0.24058, -0.34279
266, 15, 31.770, 27.390, 17.135, -729.43, 364.20, 1101.50, 104.93, 30.28, -12.85, -0.89942, -0.04278, -0.27189, -0.33955
266, 15, 32.109, 29.384, 18.392, -887.02, 380.68, 1137.82, 43.23, -2.52, -26.56, -0.89507, -0.04471, -0.29082, -0.33507
266, 16, 30.661, 29.704, 13.827, -755.43, 77.39, 1051.88, -44.33, -43.92, -23.78, -0.89991, -0.01143, -0.27956, -0.33448
266, 15, 28.065, 29.686, 6.566, -687.32, -236.51, 977.17, -64.56, -49.32, -25.31, -0.90659, 0.03967, -0.25865, -0.33108
266, 17, 26.319, 28.609, -0.895, -614.56, -345.09, 968.57, -73.35, -56.08, -1.88, -0.90952, 0.09185, -0.22949, -0.33416
266, 16, 26.061, 28.442, -5.608, -682.25, -248.60, 914.61, -76.78, -62.58, 11.53, -0.90611, 0.12822, -0.21451, -0.34133
266, 15, 27.115, 27.351, -7.910, -582.09, -130.68, 946.47, -77.68, -70.08, 25.79, -0.90250, 0.14522, -0.19756, -0.35408
266, 16, 28.434, 26.688, -9.024, -535.58, -91.55, 884.95, -79.48, -63.74, 30.82, -0.89831, 0.15429, -0.18706, -0.36640
266, 15, 29.505, 26.121, -9.258, -530.76, -69.64, 921.81, -71.97, -54.11, 25.50, -0.89571, 0.15618, -0.18034, -0.37521
266, 15, 29.887, 24.763, -10.397, -485.11, -151.55, 987.73, -70.50, -47.32, 31.52, -0.89566, 0.16159, -0.16528, -0.37995
266, 16, 29.840, 22.350, -11.512, -381.65, -195.19, 1000.12, -53.06, -37.91, 27.02, -0.89894, 0.16302, -0.14244, -0.38085
266, 15, 30.087, 20.888, -10.160, -378.97, -137.76, 1052.12, -13.80, -21.72, 22.19, -0.90260, 0.14825, -0.13494, -0.38094
266, 15, 30.706, 20.252, -6.846, -375.49, -7.81, 1049.01, 12.37, -9.43, 15.86, -0.90550, 0.12086, -0.14017, -0.38185
266, 17, 31.410, 20.501, -3.366, -481.75, 140.75, 1171.88, 11.88, -6.77, 6.62, -0.90604, 0.09505, -0.15310, -0.38290
266, 15, 32.056, 17.910, -0.715, -196.11, 103.88, 1328.49, 24.13, 0.99, 14.81, -0.90937, 0.06632, -0.14096, -0.38572
266, 16, 32.332, 15.103, 2.400, 63.05, 177.12, 1460.51, 53.92, 39.46, 1.50, -0.91295, 0.03238, -0.12902, -0.38578
266, 15, 31.525, 14.661, 5.625, 12.15, 222.35, 1361.33, 74.49, 92.80, -46.55, -0.91656, 0.00419, -0.13635, -0.37592
266, 15, 31.130, 17.551, 9.081, -228.09, 240.36, 1217.96, 83.44, 132.22, -58.71, -0.91504, -0.01419, -0.17044, -0.36530
266, 16, 31.766, 23.480, 12.390, -523.99, 288.33, 1118.47, 79.90, 146.47, -42.86, -0.90592, -0.01908, -0.22741, -0.35668
266, 16, 32.176, 29.786, 14.597, -716.92, 241.15, 1021.12, 75.91, 133.43, -46.79, -0.89520, -0.01346, -0.28263, -0.34430
266, 15, 30.870, 35.188, 14.849, -746.52, 88.62, 901.79, 84.72, 96.40, -60.80, -0.88916, -0.00003, -0.32406, -0.32308
266, 17, 29.001, 38.907, 14.312, -706.97, 3.54, 772.77, 100.41, 67.60, -61.49, -0.88620, 0.01122, -0.35052, -0.30275
266, 15, 27.872, 41.011, 14.865, -653.50, 55.30, 714.23, 115.04, 44.27, -56.63, -0.88415, 0.01031, -0.36773, -0.28801
267, 8, 33.482, 32.657, 7.030, -631.77, 138.37, 931.64, 1.17, -1.23, 1.16, -0.88439, 0.05863, -0.28065, -0.36832
267, 27, 34.200, 31.909, 7.034, -595.21, 110.53, 953.13, -0.05, -5.42, 6.34, -0.88356, 0.05771, -0.27463, -0.37493
267, 14, 34.211, 31.701, 6.386, -597.96, 69.40, 963.81, 0.93, -4.42, 10.66, -0.88360, 0.06199, -0.27092, -0.37685
267, 15, 34.184, 31.635, 5.880, -590.64, 57.19, 945.68, 5.42, -3.79, 11.45, -0.88354, 0.06560, -0.26876, -0.37792
267, 16, 34.106, 31.942, 5.545, -615.42, 48.34, 932.37, 10.03, -5.58, 10.44, -0.88298, 0.06908, -0.27004, -0.37770
267, 15, 34.646, 32.121, 5.964, -632.45, 73.12, 930.85, 12.53, -13.16, 19.50, -0.88108, 0.06776, -0.27247, -0.38062
267, 16, 35.905, 29.337, 8.013, -473.75, 252.20, 1132.63, 6.59, -16.62, 16.63, -0.88311, 0.04484, -0.25762, -0.38954
267, 16, 35.145, 27.207, 7.022, -471.56, 127.99, 1262.51, -8.46, 2.46, -10.02, -0.88893, 0.04308, -0.23833, -0.38877
267, 15, 32.874, 26.901, 2.883, -437.32, -174.87, 1022.22, -10.31, 13.93, -18.12, -0.89504, 0.06965, -0.22320, -0.37978
267, 15, 32.193, 29.744, 2.902, -986.02, 136.78, 1168.82, -6.71, 4.30, -31.16, -0.89195, 0.07771, -0.24575, -0.37148
267, 16, 31.541, 31.279, 3.186, -1161.93, 418.33, 1151.55, -47.89, -47.00, -63.93, -0.89112, 0.07917, -0.25897, -0.36410
267, 16, 30.508, 30.690, 0.796, -888.49, 254.46, 959.72, -112.46, -101.27, -68.12, -0.89383, 0.09359, -0.24761, -0.36194
267, 15, 30.103, 28.858, -2.952, -643.19, 111.39, 809.63, -155.30, -123.48, -44.33, -0.89555, 0.11625, -0.22172, -0.36786
267, 16, 28.384, 26.394, -10.376, -501.77, -160.03, 715.33, -168.16, -122.50, -24.20, -0.89721, 0.16396, -0.18045, -0.36819
267, 16, 27.442, 19.912, -16.752, -140.32, -411.50, 869.69, -131.53, -105.26, 1.21, -0.90313, 0.19452, -0.10955, -0.36676
267, 16, 27.225, 14.225, -19.516, 31.86, -488.34, 1093.08, -64.64, -55.05, 14.84, -0.90859, 0.20028, -0.05536, -0.36234
267, 15, 26.625, 13.896, -17.079, -254.15, -276.61, 1103.58, 20.55, 12.72, 1.50, -0.91499, 0.17965, -0.06134, -0.35602
267, 15, 26.403, 17.159, -10.880, -556.09, 221.37, 986.15, 54.51, 22.50, -32.07, -0.91953, 0.13907, -0.10724, -0.35159
267, 16, 27.008, 18.099, -6.169, -421.45, 170.53, 1052.73, 33.88, -0.60, -17.44, -0.92130, 0.10456, -0.12868, -0.35173
267, 15, 27.415, 16.719, -3.481, -157.35, -42.30, 1018.80, 63.39, 30.21, 0.47, -0.92409, 0.07928, -0.12544, -0.35220
267, 15, 26.636, 17.390, -2.896, -205.26, -176.82, 963.13, 92.29, 64.61, -17.04, -0.92598, 0.07567, -0.13318, -0.34510
267, 17, 26.384, 20.591, -0.555, -356.45, -137.51, 985.47, 133.06, 81.53, -16.00, -0.92371, 0.06587, -0.16621, -0.33880
267, 16, 27.598, 25.504, 4.000, -584.05, -24.11, 878.78, 160.38, 76.71, 10.35, -0.91454, 0.04613, -0.21839, -0.33732
267, 16, 29.493, 28.597, 9.713, -709.29, 169.19, 1087.40, 156.85, 55.14, 6.34, -0.90517, 0.01452, -0.25899, -0.33673
267, 15, 30.823, 31.305, 13.613, -856.14, 159.36, 1052.73, 133.71, 24.54, 3.51, -0.89669, -0.00387, -0.29117, -0.33340
267, 15, 31.818, 31.478, 16.827, -771.85, 314.21, 1135.31, 100.39, -8.13, -15.94, -0.89308, -0.02580, -0.30195, -0.33252
267, 16, 32.577, 30.835, 18.145, -723.75, 365.97, 1109.56, 41.24, -24.09, -19.75, -0.89156, -0.03636, -0.30117, -0.33630
267, 15, 32.650, 31.798, 17.244, -923.71, 318.73, 1008.30, -14.28, -43.89, -20.80, -0.89001, -0.02569, -0.30576, -0.33723
267, 15, 32.256, 30.573, 13.864, -775.45, 227.97, 1059.94, -63.16, -75.99, -11.69, -0.89371, -0.00476, -0.28640, -0.34530
267, 17, 31.436, 28.008, 8.232, -615.17, 96.50, 991.03, -101.62, -96.05, -12.55, -0.90002, 0.02854, -0.24958, -0.35616
267, 16, 30.948, 26.197, 2.678, -620.91, 27.10, 908.75, -136.63, -115.57, -8.45, -0.90243, 0.06520, -0.21817, -0.36575
267, 15, 30.670, 22.111, -4.459, -355.96, -233.22, 887.02, -135.25, -112.77, 25.33, -0.90495, 0.10785, -0.16292, -0.37801
267, 16, 30.566, 18.445, -10.587, -288.64, -354.31, 903.44, -106.46, -94.84, 28.22, -0.90453, 0.14458, -0.11339, -0.38479
267, 15, 30.809, 14.486, -14.751, -148.56, -442.50, 989.14, -64.80, -68.24, 36.11, -0.90406, 0.16528, -0.06735, -0.38836
267, 16, 31.298, 11.823, -14.861, -156.56, -295.84, 1081.91, -17.00, -33.33, 35.51, -0.90582, 0.15797, -0.04499, -0.39053
267, 15, 31.952, 12.434, -11.751, -285.64, -108.40, 1056.95, 19.37, -7.61, 28.58, -0.90681, 0.13564, -0.05969, -0.39463
267, 15, 33.292, 14.573, -6.120, -430.24, 170.41, 1069.21, 37.78, 3.79, 32.10, -0.90533, 0.09914, -0.09495, -0.40190
267, 17, 34.631, 13.913, -2.453, -208.07, 89.90, 1197.57, 28.66, 14.72, 43.85, -0.90402, 0.06904, -0.10172, -0.40942
267, 15, 35.612, 12.161, -1.050, 71.72, -67.02, 1321.29, 37.65, 62.08, 51.96, -0.90291, 0.05255, -0.09242, -0.41647
267, 15, 35.973, 12.790, 0.354, -42.11, -47.49, 1341.67, 47.59, 111.67, 33.10, -0.90164, 0.04408, -0.10233, -0.41789
267, 16, 35.323, 17.791, 1.055, -379.52, -60.61, 1233.64, 51.04, 138.60, 4.73, -0.89913, 0.05600, -0.14442, -0.40936
267, 15, 34.931, 24.035, 2.395, -634.64, 31.37, 1157.35, 41.22, 137.45, -1.39, -0.89257, 0.06726, -0.19806, -0.39946
267, 15, 34.628, 29.679, 3.468, -761.66, 98.94, 1107.42, 20.12, 120.22, -9.64, -0.88438, 0.07832, -0.24547, -0.38922
268, 7, 35.618, 29.779, 11.113, -521.79, 51.09, 1021.18, 22.62, 11.99, 9.36, -0.88422, 0.02190, -0.27145, -0.37947
268, 29, 34.306, 31.417, 8.026, -626.53, -68.18, 984.50, 35.13, 13.28, 20.74, -0.88463, 0.04856, -0.27409, -0.37410
268, 15, 34.140, 32.540, 7.439, -688.17, -45.17, 958.37, 43.33, 6.61, 27.66, -0.88270, 0.05668, -0.28077, -0.37256
268, 14, 34.368, 33.389, 8.012, -714.84, 26.25, 913.27, 49.20, -12.66, 25.75, -0.88052, 0.05585, -0.28893, -0.37160
268, 16, 34.864, 33.246, 9.453, -659.24, 124.51, 900.27, 44.32, -26.47, 15.31, -0.87984, 0.04552, -0.29231, -0.37198
268, 15, 35.235, 30.093, 11.261, -452.51, 255.00, 1026.12, 29.91, -28.48, -5.56, -0.88497, 0.02100, -0.27437, -0.37564
268, 16, 33.780, 27.252, 9.308, -392.52, 75.44, 1215.39, 7.43, -10.78, -21.55, -0.89405, 0.02256, -0.24666, -0.37325
268, 16, 33.280, 26.085, 8.928, -387.27, 160.10, 1013.79, 6.17, 19.73, -37.10, -0.89744, 0.02035, -0.23655, -0.37180
268, 16, 32.643, 28.898, 7.818, -740.48, 131.41, 1064.33, -9.07, 28.56, -38.48, -0.89456, 0.03748, -0.25480, -0.36529
268, 15, 32.339, 31.647, 7.052, -938.23, 231.57, 1049.32, -33.32, 5.57, -42.82, -0.89006, 0.05221, -0.27358, -0.36086
268, 16, 32.192, 32.455, 5.001, -889.10, 174.80, 1071.17, -68.96, -32.95, -29.34, -0.88778, 0.07051, -0.27337, -0.36352
268, 15, 31.763, 32.124, 1.572, -748.72, 83.19, 945.25, -102.25, -60.39, -26.31, -0.88738, 0.09497, -0.26017, -0.36857
268, 16, 32.592, 31.030, -2.135, -651.25, 26.25, 872.31, -140.05, -78.55, 14.54, -0.88355, 0.12184, -0.23875, -0.38404
268, 15, 32.857, 29.305, -5.919, -504.82, -23.19, 797.61, -146.00, -74.78, 8.13, -0.88203, 0.14590, -0.21219, -0.39460
268, 15, 30.436, 25.866, -12.341, -376.65, -273.44, 872.25, -125.48, -62.12, -29.04, -0.88862, 0.18084, -0.16670, -0.38713
268, 16, 28.728, 22.830, -16.077, -408.87, -369.38, 1042.72, -82.05, -45.52, 9.86, -0.89447, 0.19881, -0.13291, -0.37779
268, 16, 27.749, 19.700, -16.537, -272.40, -348.02, 1070.62, -21.90, -26.20, 11.96, -0.90290, 0.19252, -0.10803, -0.36883
268, 15, 28.604, 20.568, -10.437, -465.33, 206.97, 1026.25, 26.38, -2.69, 3.81, -0.90766, 0.14774, -0.13339, -0.36951
268, 16, 28.970, 21.650, -6.520, -516.66, 131.23, 1026.37, 12.15, -5.00, -5.28, -0.90921, 0.12038, -0.15423, -0.36751
268, 15, 28.854, 19.745, -4.924, -269.23, -58.47, 1045.59, 18.93, 1.69, 5.60, -0.91420, 0.10172, -0.14417, -0.36483
268, 15, 27.709, 18.137, -4.973, -189.15, -200.74, 1064.15, 49.14, 25.15, -8.71, -0.92013, 0.09586, -0.13206, -0.35600
268, 16, 26.517, 17.516, -3.668, -195.98, -166.69, 1097.41, 88.10, 51.67, -21.40, -0.92564, 0.08214, -0.13196, -0.34500
268, 15, 25.630, 20.311, -1.010, -393.80, -111.88, 1046.75, 129.81, 66.74, -27.05, -0.92607, 0.06764, -0.16305, -0.33351
268, 17, 25.974, 22.683, 4.369, -478.09, 92.10, 1178.71, 144.82, 58.83, -38.83, -0.92388, 0.03170, -0.19751, -0.32623
268, 16, 26.376, 26.906, 7.635, -761.78, 87.10, 1004.88, 121.76, 43.55, -31.30, -0.91669, 0.01891, -0.24025, -0.31875
268, 15, 27.073, 30.167, 10.408, -939.94, 270.20, 1045.10, 72.64, 12.76, -40.23, -0.90929, 0.00842, -0.27342, -0.31363
268, 16, 26.876, 31.485, 9.774, -858.64, 160.52, 1018.25, 11.37, -30.21, -43.21, -0.90724, 0.01707, -0.28197, -0.31164
268, 15, 25.698, 30.878, 5.374, -694.89, -71.90, 1038.57, -32.42, -44.63, -30.31, -0.91044, 0.04732, -0.26555, -0.31360
268, 15, 25.179, 31.523, 1.398, -877.99, -113.71, 993.47, -52.95, -54.64, -16.88, -0.90830, 0.07955, -0.25997, -0.31794
268, 16, 25.704, 31.397, -1.226, -855.29, -9.22, 940.06, -73.49, -83.84, -8.17, -0.90503, 0.10113, -0.25116, -0.32805
268, 15, 26.606, 28.261, -5.433, -587.46, -126.10, 929.02, -107.80, -120.51, 23.28, -0.90506, 0.12735, -0.21298, -0.34538
268, 17, 27.643, 22.908, -10.288, -289.25, -251.28, 898.62, -108.35, -99.96, 46.10, -0.90669, 0.15217, -0.15389, -0.36204
268, 16, 28.558, 21.085, -12.639, -451.60, -187.87, 968.08, -101.10, -87.11, 33.92, -0.90387, 0.16660, -0.13047, -0.37180
268, 15, 29.308, 19.690, -14.163, -471.92, -198.61, 1013.98, -97.34, -86.95, 28.82, -0.90164, 0.17531, -0.11319, -0.37881
268, 16, 29.268, 16.887, -16.584, -359.80, -321.53, 1034.97, -79.57, -81.52, 27.01, -0.90273, 0.18603, -0.08280, -0.37898
268, 15, 29.100, 12.660, -17.657, -143.31, -358.64, 1090.88, -46.44, -61.52, 12.88, -0.90791, 0.18182, -0.04562, -0.37490
268, 15, 29.179, 10.938, -16.320, -215.58, -283.14, 1125.55, -11.86, -33.10, 19.94, -0.91192, 0.16603, -0.03602, -0.37356
268, 16, 30.050, 12.190, -12.802, -385.07, -54.02, 1114.26, 10.64, -17.87, 28.67, -0.91226, 0.14223, -0.05649, -0.37995
268, 15, 31.076, 13.187, -8.539, -402.65, 129.46, 1087.52, 7.93, -22.87, 21.64, -0.91237, 0.11206, -0.07761, -0.38601
268, 15, 32.003, 11.090, -6.490, -137.76, -31.56, 1103.39, -4.71, -16.82, 29.84, -0.91327, 0.08944, -0.06694, -0.39174
268, 17, 32.500, 8.114, -6.554, 145.87, -268.07, 1347.47, 22.16, 16.46, 35.54, -0.91409, 0.08020, -0.04253, -0.39523
268, 15, 33.273, 7.083, -4.029, 104.19, -88.75, 1400.70, 58.53, 59.71, 38.63, -0.91362, 0.05682, -0.04259, -0.40031
268, 16, 33.672, 8.580, 0.233, -56.88, 89.36, 1352.17, 80.42, 94.76, 14.72, -0.91291, 0.02825, -0.06930, -0.40125
268, 15, 33.788, 12.397, 4.401, -268.01, 181.64, 1277.10, 81.62, 108.34, -9.77, -0.91065, 0.00860, -0.11412, -0.39700
268, 15, 33.388, 17.185, 7.036, -407.04, 135.38, 1192.20, 80.48, 109.96, -30.32, -0.90808, 0.00409, -0.16094, -0.38661
268, 16, 33.509, 21.833, 8.950, -504.27, 113.40, 1126.04, 77.73, 102.62, -13.15, -0.90259, 0.00557, -0.20368, -0.37922
269, 9, 33.498, 26.511, 4.451, -531.74, 106.08, 1034.18, 13.76, 8.04, -7.83, -0.89451, 0.05728, -0.22504, -0.38200
269, 26, 35.173, 27.346, 7.081, -536.38, 170.47, 1008.12, 10.92, 7.23, -2.17, -0.88863, 0.04318, -0.23958, -0.38868
269, 16, 35.903, 27.871, 8.074, -542.18, 173.89, 978.09, 6.87, 6.85, -1.05, -0.88563, 0.03896, -0.24670, -0.39151
269, 14, 36.283, 28.451, 8.477, -537.84, 152.28, 931.58, 3.99, 3.76, -3.20, -0.88351, 0.03882, -0.25235, -0.39272
269, 15, 36.585, 29.022, 8.694, -546.26, 146.06, 898.56, 1.49, -2.62, -1.64, -0.88158, 0.03995, -0.25732, -0.39371
269, 16, 36.740, 29.088, 8.917, -536.01, 152.40, 900.57, -0.14, -11.29, -0.85, -0.88101, 0.03883, -0.25853, -0.39430
269, 16, 36.643, 27.628, 8.751, -497.19, 159.67, 998.84, -4.30, -20.64, -3.68, -0.88370, 0.03443, -0.24694, -0.39611
269, 15, 35.940, 24.384, 7.408, -338.68, 96.80, 1275.76, -5.93, -16.56, -7.57, -0.89069, 0.03134, -0.21776, -0.39784
269, 16, 34.796, 22.359, 5.600, -334.78, 29.30, 1261.66, -2.49, 3.94, -20.98, -0.89695, 0.03600, -0.19622, -0.39456
269, 15, 33.792, 24.209, 5.881, -617.25, 196.04, 1187.99, -0.42, 19.13, -51.39, -0.89781, 0.03861, -0.21186, -0.38415
269, 16, 32.650, 27.734, 6.131, -1044.01, 397.03, 1137.70, -30.01, 2.38, -76.54, -0.89596, 0.04667, -0.24040, -0.37052
269, 15, 31.848, 28.693, 4.658, -971.98, 359.92, 1105.41, -85.17, -59.85, -66.85, -0.89612, 0.05975, -0.24347, -0.36621
269, 15, 31.603, 27.285, 1.354, -710.33, 184.08, 984.99, -134.54, -105.16, -39.41, -0.89751, 0.08043, -0.22201, -0.37244
269, 16, 30.632, 24.221, -5.148, -482.73, -65.80, 856.57, -159.27, -119.61, -12.64, -0.90069, 0.11990, -0.17743, -0.37803
269, 17, 30.454, 19.646, -12.135, -229.25, -341.25, 830.87, -142.46, -96.70, 33.32, -0.90086, 0.16038, -0.11792, -0.38577
269, 15, 30.724, 14.648, -16.155, -74.04, -364.81, 940.00, -98.14, -67.75, 34.62, -0.90202, 0.17679, -0.06401, -0.38860
269, 16, 29.944, 11.276, -17.853, -102.84, -407.53, 1111.08, -41.54, -30.88, 2.40, -0.90667, 0.17945, -0.03254, -0.38039
269, 15, 29.246, 10.564, -14.490, -201.90, -128.97, 1180.42, 19.98, -0.92, -17.25, -0.91466, 0.15033, -0.03889, -0.37320
269, 15, 29.948, 12.240, -7.173, -388.73, 463.68, 1103.52, 39.67, 5.52, -6.69, -0.91843, 0.09736, -0.07556, -0.37590
269, 16, 30.826, 12.051, -3.203, -193.85, 177.25, 1117.80, 20.18, 8.70, 6.36, -0.91854, 0.06555, -0.08652, -0.38013
269, 15, 31.619, 11.457, -2.564, -132.57, -98.33, 1081.97, 38.81, 28.77, 27.92, -0.91678, 0.05906, -0.08346, -0.38609
269, 16, 32.346, 13.163, -1.085, -223.94, -105.59, 1056.64, 79.24, 49.73, 25.70, -0.91348, 0.05357, -0.10176, -0.39030
269, 16, 32.254, 16.070, 1.912, -333.31, -70.13, 1018.74, 132.74, 55.88, -0.80, -0.91207, 0.03946, -0.13508, -0.38512
269, 15, 32.743, 18.902, 6.698, -398.13, 84.35, 1005.74, 144.94, 50.03, -3.73, -0.90842, 0.01183, -0.17336, -0.38025
269, 16, 33.208, 21.501, 11.167, -510.31, 175.29, 1070.62, 139.81, 36.18, -13.38, -0.90390, -0.01362, -0.20837, -0.37331
269, 15, 33.326, 23.750, 14.450, -620.36, 225.28, 1116.33, 120.38, 15.85, -24.06, -0.90023, -0.03121, -0.23632, -0.36437
269, 15, 33.336, 24.984, 16.287, -654.48, 277.77, 1153.81, 82.55, -6.32, -26.57, -0.89811, -0.04115, -0.25156, -0.35835
269, 16, 32.770, 25.653, 16.192, -698.67, 261.35, 1128.42, 39.90, -35.79, -33.73, -0.89906, -0.03925, -0.25617, -0.35288
269, 15, 31.719, 25.019, 14.286, -562.81, 225.89, 1100.59, 0.59, -43.79, -47.38, -0.90368, -0.02879, -0.24515, -0.34991
269, 16, 31.496, 26.234, 12.217, -754.03, 202.33, 996.46, -30.70, -50.36, -36.95, -0.90301, -0.00876, -0.24816, -0.35060
269, 17, 31.684, 25.278, 9.215, -691.22, 184.57, 1044.80, -74.52, -90.63, -17.56, -0.90379, 0.01203, -0.23144, -0.35978
269, 15, 31.654, 21.804, 4.196, -435.06, 23.80, 1089.23, -99.01, -94.09, -4.81, -0.90778, 0.03986, -0.18822, -0.37273
269, 16, 31.788, 19.818, -0.928, -433.23, -48.95, 965.21, -119.09, -93.15, 0.54, -0.90758, 0.07402, -0.15555, -0.38291
269, 15, 32.281, 17.150, -5.758, -334.23, -105.90, 948.36, -124.02, -92.06, 12.70, -0.90586, 0.10399, -0.11759, -0.39341
269, 15, 32.403, 15.060, -10.754, -316.16, -237.92, 976.07, -114.66, -78.03, 12.70, -0.90305, 0.13664, -0.08355, -0.39856
269, 16, 32.458, 12.195, -13.996, -220.52, -269.59, 1037.48, -85.46, -64.76, 10.01, -0.90252, 0.15282, -0.04937, -0.39957
269, 15, 32.425, 9.341, -16.360, -150.33, -392.82, 1162.54, -50.77, -50.50, 10.56, -0.90281, 0.16206, -0.01846, -0.39791
269, 15, 32.747, 7.920, -15.500, -177.92, -298.03, 1135.93, -13.08, -32.84, 28.54, -0.90439, 0.15062, -0.00971, -0.39913
269, 17, 33.637, 7.947, -13.141, -201.54, -214.84, 1146.48, 14.72, -18.54, 41.85, -0.90415, 0.13220, -0.01711, -0.40590
269, 15, 35.079, 8.053, -9.633, -187.50, -116.15, 1254.46, 35.39, -3.91, 57.62, -0.90251, 0.10520, -0.02904, -0.41662
269, 15, 36.679, 6.479, -7.229, 35.52, -116.64, 1236.27, 34.10, 20.92, 70.43, -0.89977, 0.08098, -0.02417, -0.42810
269, 16, 37.800, 5.942, -6.136, 73.24, -203.67, 1309.39, 39.01, 62.30, 64.87, -0.89661, 0.07064, -0.02333, -0.43652
269, 15, 38.510, 9.334, -3.968, -214.36, -79.83, 1302.73, 33.93, 90.00, 53.89, -0.89285, 0.06682, -0.05778, -0.44161
269, 16, 38.742, 14.129, -2.371, -436.40, -18.62, 1200.68, 18.56, 92.41, 35.79, -0.88859, 0.07284, -0.10117, -0.44144
269, 15, 38.905, 18.965, -1.267, -541.38, 19.17, 1136.11, -2.16, 78.22, 30.72, -0.88297, 0.08290, -0.14277, -0.43943
269, 16, 38.820, 22.323, -1.336, -560.36, -18.43, 1102.78, -21.90, 56.99, 31.98, -0.87840, 0.09604, -0.16844, -0.43683
269, 16, 38.662, 23.955, -2.135, -487.61, -51.94, 1056.64, -37.01, 38.13, 42.93, -0.87563, 0.10805, -0.17807, -0.43576
269, 15, 38.588, 24.031, -3.218, -430.48, -73.67, 1039.18, -46.68, 25.30, 53.00, -0.87472, 0.11650, -0.17460, -0.43682
270, 8, 37.242, 24.458, 9.578, -527.40, 122.50, 1048.46, 14.82, 15.67, 2.10, -0.88649, 0.01731, -0.22563, -0.40364
270, 26, 37.339, 24.691, 8.256, -510.25, 96.80, 1099.55, 9.86, 3.10, 13.21, -0.88556, 0.02861, -0.22272, -0.40665
270, 16, 37.543, 24.036, 7.884, -473.27, 105.35, 1118.47, 9.88, -1.20, 18.05, -0.88565, 0.02939, -0.21635, -0.40981
270, 15, 37.538, 23.232, 7.491, -443.91, 102.17, 1114.01, 9.57, -1.01, 12.66, -0.88666, 0.02936, -0.20881, -0.41154
270, 15, 37.553, 22.722, 7.240, -430.18, 105.83, 1079.35, 8.33, 1.73, 9.55, -0.88722, 0.02940, -0.20400, -0.41274
270, 17, 37.356, 22.750, 6.836, -435.42, 92.83, 1049.93, 7.20, 4.48, 3.88, -0.88779, 0.03228, -0.20282, -0.41190
270, 15, 36.951, 23.474, 6.217, -464.90, 65.61, 999.33, 7.58, 4.68, -0.85, -0.88805, 0.03908, -0.20627, -0.40901
270, 16, 36.394, 24.320, 5.622, -472.78, 46.75, 942.87, 11.82, 0.38, -5.33, -0.88859, 0.04582, -0.21086, -0.40478
270, 14, 35.808, 25.112, 5.260, -477.66, 38.39, 894.47, 18.98, -6.95, -7.84, -0.88929, 0.05045, -0.21592, -0.40000
270, 15, 35.434, 25.490, 5.315, -472.29, 46.75, 876.71, 25.44, -16.88, -5.47, -0.89002, 0.05069, -0.21918, -0.39655
270, 16, 35.455, 25.523, 5.850, -482.67, 66.96, 883.91, 28.70, -27.84, 1.56, -0.89012, 0.04669, -0.22128, -0.39564
270, 15, 36.094, 23.250, 7.280, -424.80, 156.74, 1059.33, 23.21, -40.87, 7.97, -0.89170, 0.02844, -0.20856, -0.40070
270, 15, 36.002, 18.152, 6.002, -24.41, 46.26, 1787.05, 2.04, -20.58, -0.72, -0.89793, 0.01943, -0.16465, -0.40772
270, 17, 36.313, 16.767, 4.030, -155.52, -81.48, 1059.08, 6.88, 24.02, 17.43, -0.89783, 0.03020, -0.14673, -0.41408
270, 15, 35.967, 19.589, 2.709, -511.90, -65.80, 1066.89, 10.48, 30.19, -5.26, -0.89538, 0.05043, -0.16408, -0.41088
270, 15, 35.589, 22.628, 2.188, -715.27, 15.56, 1121.09, -0.06, 12.30, -13.61, -0.89230, 0.06493, -0.18603, -0.40618
270, 16, 35.972, 25.301, 4.245, -866.64, 500.85, 1007.39, -42.83, -14.30, -40.27, -0.88793, 0.05931, -0.21374, -0.40296
270, 15, 35.130, 25.378, 3.576, -685.24, 409.48, 1030.88, -100.29, -54.87, -73.32, -0.89039, 0.06321, -0.21244, -0.39759
270, 16, 34.928, 24.855, 1.040, -537.66, 229.49, 867.19, -146.02, -66.60, -43.59, -0.89037, 0.08070, -0.19969, -0.40107
270, 15, 34.123, 22.184, -5.616, -384.83, -116.03, 978.45, -162.73, -62.92, -7.34, -0.89184, 0.12197, -0.15607, -0.40667
270, 15, 33.548, 19.691, -11.758, -334.11, -249.33, 965.52, -148.50, -47.24, 26.79, -0.89058, 0.16073, -0.11525, -0.40958
270, 17, 33.391, 16.979, -14.628, -302.00, -267.94, 1103.52, -110.81, -39.90, 31.26, -0.89146, 0.17399, -0.08378, -0.40989
270, 16, 33.192, 14.078, -14.858, -210.63, -291.81, 1179.14, -40.37, -28.85, 23.54, -0.89622, 0.16613, -0.06028, -0.40689
270, 15, 33.194, 11.878, -10.901, -149.29, 19.35, 1180.91, 11.54, -19.97, -0.76, -0.90412, 0.12771, -0.05679, -0.40378
270, 16, 33.130, 12.002, -7.103, -331.36, 149.11, 1173.10, 4.48, -18.14, -14.07, -0.90795, 0.09806, -0.07118, -0.40119
270, 15, 33.795, 9.159, -4.646, -39.25, 8.42, 1159.91, 20.58, -21.13, 17.11, -0.91000, 0.06916, -0.05669, -0.40485
270, 15, 33.364, 6.420, -3.313, 63.60, -110.17, 1248.66, 53.38, -1.54, -13.96, -0.91402, 0.04884, -0.03976, -0.40075
270, 15, 31.205, 6.126, -4.260, -36.25, -384.16, 1067.44, 96.02, 20.22, -68.86, -0.92115, 0.05473, -0.03513, -0.38374
270, 15, 29.989, 8.146, -2.896, -193.54, -267.21, 1124.82, 131.48, 34.94, -47.29, -0.92456, 0.04987, -0.05649, -0.37351
270, 17, 29.517, 11.802, -0.206, -391.36, -157.96, 1074.52, 146.56, 35.00, -33.72, -0.92441, 0.03961, -0.09489, -0.36729
270, 15, 30.443, 16.520, 2.993, -635.01, -74.65, 980.29, 138.82, 21.29, 8.03, -0.91788, 0.03014, -0.14278, -0.36906
270, 15, 32.702, 18.950, 7.989, -634.89, 230.53, 1040.41, 108.89, -13.99, 33.19, -0.90858, 0.00169, -0.17800, -0.37789
270, 16, 34.052, 19.399, 10.342, -526.55, 218.14, 1072.39, 53.26, -38.70, 17.60, -0.90350, -0.01316, -0.18940, -0.38425
270, 16, 34.355, 18.329, 8.554, -373.78, 104.92, 1109.50, -13.05, -31.17, 6.03, -0.90368, -0.00242, -0.17504, -0.39080
270, 15, 34.096, 19.111, 6.414, -513.61, 103.70, 1086.24, -43.48, -33.25, -11.94, -0.90359, 0.01686, -0.17387, -0.39116
270, 16, 33.433, 20.432, 4.938, -707.58, 254.94, 1006.47, -81.25, -65.52, -39.73, -0.90394, 0.03214, -0.17934, -0.38690
270, 15, 33.512, 18.882, 2.314, -445.13, 180.97, 985.17, -111.81, -88.97, -36.37, -0.90471, 0.04756, -0.15821, -0.39269
270, 16, 33.679, 16.002, -3.276, -312.07, -85.94, 1051.33, -130.33, -84.95, -1.58, -0.90450, 0.08193, -0.11597, -0.40214
270, 16, 34.678, 14.229, -8.598, -329.10, -213.81, 1092.04, -131.30, -72.18, 33.62, -0.89846, 0.11853, -0.08208, -0.41470
270, 15, 36.433, 12.704, -11.839, -289.00, -182.62, 1081.36, -124.65, -65.80, 59.21, -0.89025, 0.13952, -0.05613, -0.42994
270, 16, 37.746, 11.339, -14.858, -265.81, -271.85, 1064.21, -106.82, -60.98, 63.30, -0.88304, 0.15846, -0.03228, -0.44055
270, 15, 38.828, 7.765, -16.256, -67.38, -334.72, 1206.73, -70.34, -54.23, 55.02, -0.88109, 0.15616, 0.00245, -0.44641
270, 15, 39.608, 4.455, -14.853, 89.54, -221.31, 1226.14, -15.59, -25.09, 44.64, -0.88292, 0.13270, 0.02361, -0.44976
270, 16, 40.444, 4.199, -11.312, -83.13, 20.20, 1216.74, -3.36, -3.57, 42.70, -0.88347, 0.10428, 0.01245, -0.45657
270, 15, 40.340, 2.723, -8.297, 35.77, -72.94, 1364.75, 17.85, 9.57, 27.00, -0.88709, 0.07518, 0.01181, -0.45529
270, 16, 39.462, 0.745, -6.942, 280.03, -277.22, 1436.16, 58.72, 42.63, -1.30, -0.89208, 0.05702, 0.02134, -0.44776
270, 16, 37.958, 0.539, -3.770, 232.91, -163.21, 1459.90, 104.64, 81.50, -31.62, -0.89915, 0.03165, 0.01012, -0.43637
270, 15, 37.250, 2.837, 1.088, 56.70, 19.47, 1395.51, 127.51, 109.66, -23.64, -0.90218, 0.00211, -0.02643, -0.43054
270, 15, 37.901, 6.583, 6.613, -82.82, 189.58, 1269.65, 130.82, 122.58, 1.19, -0.89840, -0.02683, -0.07669, -0.43160
270, 16, 39.536, 10.937, 12.077, -221.74, 302.37, 1132.32, 120.83, 123.61, 19.42, -0.88912, -0.05104, -0.13169, -0.43534
270, 15, 41.467, 15.392, 16.926, -346.62, 338.75, 1013.55, 107.89, 109.81, 25.09, -0.87754, -0.06777, -0.18500, -0.43717
270, 16, 43.057, 19.722, 20.406, -461.24, 302.12, 931.52, 96.10, 87.44, 26.22, -0.86716, -0.07323, -0.23130, -0.43494
270, 15, 43.937, 23.386, 22.184, -526.25, 222.60, 898.68, 88.78, 56.68, 22.67, -0.86036, -0.06896, -0.26513, -0.42980
270, 16, 43.479, 25.702, 21.936, -565.67, 116.88, 894.53, 80.62, 20.42, 15.81, -0.86032, -0.05814, -0.28054, -0.42161
270, 16, 42.926, 27.019, 20.825, -559.51, 51.09, 886.54, 71.27, 3.14, 29.46, -0.86157, -0.04549, -0.28566, -0.41715
271, 7, 38.341, 18.499, 4.221, -357.79, 139.65, 1085.14, 6.47, -3.91, -5.93, -0.88857, 0.03795, -0.16026, -0.42815
271, 27, 39.170, 18.094, 7.101, -331.91, 190.80, 1021.42, 5.27, -2.63, -1.75, -0.88656, 0.01525, -0.16775, -0.43086
271, 15, 39.606, 18.208, 8.177, -340.64, 190.43, 994.75, 2.88, -1.23, 0.65, -0.88492, 0.00803, -0.17263, -0.43250
271, 15, 39.880, 18.223, 8.925, -335.08, 187.44, 984.99, 2.03, -2.85, -1.40, -0.88391, 0.00273, -0.17555, -0.43345
271, 16, 40.004, 17.882, 9.248, -317.57, 174.68, 994.93, 1.90, -4.88, -1.90, -0.88375, -0.00092, -0.17418, -0.43434
271, 15, 40.000, 17.197, 9.420, -305.18, 173.83, 1029.85, 2.85, -6.26, -0.89, -0.88435, -0.00499, -0.16961, -0.43489
271, 17, 39.954, 15.414, 9.477, -252.20, 200.32, 1189.88, 1.90, -10.50, -2.02, -0.88591, -0.01260, -0.15622, -0.43658
271, 15, 39.646, 13.732, 8.050, -181.58, 98.02, 1286.32, -3.68, 4.39, -2.97, -0.88837, -0.00862, -0.13786, -0.43786
271, 15, 39.289, 13.431, 6.013, -234.50, -18.68, 1265.14, 3.67, 15.69, 0.61, -0.88997, 0.00559, -0.12774, -0.43773
271, 16, 39.059, 15.087, 6.317, -400.94, 131.10, 1293.58, 15.11, 22.25, -10.43, -0.88961, 0.00943, -0.14170, -0.43409
271, 15, 38.631, 17.986, 8.895, -610.23, 530.52, 1197.45, -9.03, 23.39, -49.39, -0.88880, 0.00013, -0.17365, -0.42413
271, 15, 37.362, 20.406, 9.502, -722.17, 654.97, 1122.31, -76.55, -10.06, -87.59, -0.89100, 0.00270, -0.19443, -0.41026
271, 16, 35.539, 21.545, 6.351, -622.80, 370.73, 1043.15, -140.11, -41.85, -91.17, -0.89567, 0.02844, -0.19230, -0.39999
271, 15, 33.280, 21.333, -0.854, -463.93, 27.89, 925.78, -173.32, -54.17, -59.68, -0.90037, 0.08064, -0.16676, -0.39374
271, 17, 32.230, 19.129, -8.545, -284.30, -267.27, 914.73, -157.03, -44.19, -1.39, -0.90025, 0.13240, -0.12379, -0.39586
271, 16, 31.842, 16.374, -14.298, -173.58, -470.28, 1068.91, -106.10, -23.45, 26.04, -0.89836, 0.16835, -0.08246, -0.39725
271, 15, 31.956, 13.693, -14.459, -114.56, -219.12, 1151.25, -48.50, -3.20, 16.27, -0.90166, 0.16109, -0.06039, -0.39675
271, 16, 32.339, 13.664, -11.646, -293.95, -22.71, 1205.81, -12.62, 1.59, 6.90, -0.90405, 0.13906, -0.06941, -0.39816
271, 15, 33.115, 12.657, -7.604, -199.95, 123.35, 1171.08, 10.57, -7.98, 7.53, -0.90685, 0.10424, -0.07466, -0.40148
271, 15, 33.741, 12.652, -3.472, -247.56, 245.73, 1137.02, 8.78, 1.59, -4.55, -0.90783, 0.07195, -0.08866, -0.40349
271, 16, 33.488, 10.964, -3.427, -131.29, -93.20, 1176.27, 15.57, 0.37, -10.40, -0.91031, 0.06556, -0.07554, -0.40166
271, 14, 33.077, 9.391, -4.297, -42.48, -301.51, 1178.83, 54.60, 14.37, 3.52, -0.91254, 0.06682, -0.06019, -0.39897
271, 16, 31.731, 9.236, -3.974, -100.71, -336.49, 1119.32, 114.60, 27.39, -30.75, -0.91747, 0.06300, -0.06082, -0.38805
271, 16, 31.246, 11.561, -0.677, -260.86, -140.26, 1042.60, 157.90, 35.49, -20.61, -0.91879, 0.04401, -0.09078, -0.38165
271, 15, 32.490, 14.450, 5.805, -383.12, 138.24, 999.21, 167.48, 27.02, 8.31, -0.91354, 0.00318, -0.13524, -0.38359
271, 15, 34.984, 15.854, 12.730, -413.88, 400.82, 1052.98, 133.83, 8.74, 33.71, -0.90279, -0.04340, -0.17018, -0.39258
271, 17, 37.462, 14.310, 17.871, -280.82, 585.63, 1299.68, 83.63, -10.81, 42.05, -0.89209, -0.08572, -0.17759, -0.40655
271, 15, 38.233, 14.980, 18.326, -362.85, 287.78, 1079.04, 40.88, -8.23, 14.07, -0.88873, -0.08544, -0.18490, -0.41068
271, 16, 37.433, 15.598, 15.407, -421.26, 51.57, 1197.51, 15.69, -18.49, -7.53, -0.89317, -0.06162, -0.17867, -0.40808
271, 15, 36.808, 17.308, 12.988, -527.28, 122.80, 1171.81, -2.68, -17.27, -25.22, -0.89530, -0.03718, -0.18295, -0.40446
271, 16, 35.979, 20.202, 13.104, -745.97, 439.64, 1063.60, -29.61, -21.88, -65.87, -0.89565, -0.02857, -0.20534, -0.39349
271, 16, 34.709, 20.754, 11.464, -613.65, 402.40, 1037.84, -78.65, -64.33, -77.37, -0.89972, -0.01595, -0.20376, -0.38565
271, 15, 33.869, 19.058, 6.786, -428.41, 163.64, 1019.10, -119.41, -86.71, -45.47, -0.90447, 0.01339, -0.17475, -0.38886
271, 15, 33.330, 15.665, -0.843, -197.45, -194.52, 997.31, -132.38, -69.22, -4.79, -0.90763, 0.06116, -0.12200, -0.39697
271, 16, 33.366, 12.907, -7.188, -131.59, -277.28, 978.21, -114.78, -42.90, 9.99, -0.90606, 0.10196, -0.07789, -0.40322
271, 15, 33.774, 12.333, -10.489, -270.45, -202.58, 1117.07, -90.02, -27.78, 14.40, -0.90199, 0.12630, -0.06123, -0.40831
271, 15, 33.607, 11.357, -12.923, -224.98, -266.17, 1137.15, -61.85, -16.67, 5.47, -0.90088, 0.14206, -0.04501, -0.40768
271, 16, 33.551, 10.803, -12.301, -227.36, -196.29, 1133.30, -28.29, -9.55, 12.92, -0.90247, 0.13527, -0.04288, -0.40671
271, 17, 33.586, 11.202, -10.863, -277.65, -170.96, 1173.65, -1.82, -5.78, 11.23, -0.90354, 0.12531, -0.05111, -0.40658
271, 16, 34.045, 10.595, -8.126, -204.22, -70.98, 1145.75, 20.58, -9.03, 14.77, -0.90525, 0.10183, -0.05558, -0.40874
271, 14, 34.740, 9.139, -5.488, -103.58, -34.06, 1145.45, 29.88, -3.51, 20.23, -0.90611, 0.07621, -0.05293, -0.41274
271, 15, 35.661, 7.444, -5.453, 48.28, -245.61, 1241.64, 39.17, 25.07, 42.66, -0.90405, 0.07024, -0.03904, -0.41980
271, 16, 37.112, 7.994, -4.915, -60.06, -236.94, 1273.13, 55.73, 60.80, 66.94, -0.89861, 0.06855, -0.04449, -0.43108
271, 15, 38.710, 11.744, -1.611, -337.95, 2.38, 1316.83, 58.61, 78.80, 65.67, -0.89140, 0.05779, -0.08556, -0.44129
271, 15, 40.135, 15.751, 1.869, -493.23, 179.63, 1227.29, 34.39, 72.82, 51.90, -0.88375, 0.04773, -0.12943, -0.44716
271, 16, 41.698, 19.067, 3.342, -523.86, 146.61, 1180.66, -10.89, 51.16, 50.40, -0.87465, 0.05163, -0.15991, -0.45470
271, 16, 42.101, 20.468, 1.865, -440.98, -29.79, 1165.34, -29.05, 40.82, 52.72, -0.87054, 0.06912, -0.16443, -0.45863
272, 8, 39.371, 14.498, 10.793, -310.85, 188.29, 1095.09, 25.43, 14.94, -2.24, -0.88850, -0.02721, -0.15409, -0.43138
272, 27, 39.579, 18.291, 10.463, -427.31, 134.58, 1019.71, 19.58, 13.95, -1.87, -0.88493, -0.00934, -0.18185, -0.42865
272, 15, 39.549, 19.992, 10.130, -466.98, 113.16, 1005.13, 20.16, 5.17, 2.07, -0.88345, -0.00008, -0.19354, -0.42668
272, 16, 39.487, 20.738, 9.731, -452.45, 102.84, 1023.07, 22.47, -7.09, 7.11, -0.88289, 0.00585, -0.19771, -0.42588
272, 15, 39.422, 20.299, 9.207, -404.85, 87.52, 1049.38, 25.94, -17.50, 12.70, -0.88357, 0.00804, -0.19243, -0.42685
272, 15, 39.594, 18.808, 8.896, -341.49, 88.44, 1080.14, 31.39, -21.31, 14.53, -0.88443, 0.00483, -0.17991, -0.43058
272, 17, 39.752, 17.397, 9.214, -306.76, 117.00, 1078.74, 38.20, -18.75, 8.79, -0.88513, -0.00297, -0.17035, -0.43304
272, 15, 39.969, 16.786, 9.894, -322.88, 142.58, 1056.58, 39.76, -16.22, 5.78, -0.88477, -0.01033, -0.16828, -0.43446
272, 16, 40.265, 16.816, 10.730, -355.22, 169.13, 1048.40, 36.43, -15.98, 5.74, -0.88353, -0.01622, -0.17171, -0.43547
272, 16, 40.496, 17.206, 11.348, -388.00, 181.88, 1032.23, 28.66, -18.93, 4.52, -0.88226, -0.01906, -0.17706, -0.43578
272, 15, 40.548, 17.676, 11.421, -418.21, 173.65, 1030.03, 19.10, -25.12, 3.04, -0.88168, -0.01765, -0.18091, -0.43543
272, 15, 40.248, 14.953, 10.007, -191.96, 115.78, 1266.17, 4.68, -22.25, 0.63, -0.88503, -0.01813, -0.15476, -0.43867
272, 16, 39.951, 13.779, 7.310, -198.43, -84.35, 1394.53, 6.98, 8.07, 6.10, -0.88721, -0.00233, -0.13539, -0.44106
272, 15, 40.549, 15.438, 6.733, -355.71, 48.83, 1113.40, 20.29, 20.20, 9.28, -0.88364, 0.00947, -0.14586, -0.44477
272, 17, 40.258, 17.963, 8.223, -556.95, 335.08, 1160.89, -0.31, 13.15, -39.50, -0.88268, 0.00768, -0.17089, -0.43775
272, 15, 39.627, 19.665, 9.110, -629.33, 608.95, 1158.02, -67.79, -10.68, -69.84, -0.88346, 0.00663, -0.18723, -0.42941
272, 15, 38.979, 21.305, 7.792, -585.39, 512.27, 917.36, -138.94, -26.15, -73.71, -0.88390, 0.02216, -0.19489, -0.42455
272, 16, 38.054, 22.238, 1.231, -507.39, 53.22, 866.76, -183.36, -40.34, -31.21, -0.88333, 0.07483, -0.17803, -0.42713
272, 15, 36.937, 21.215, -7.959, -377.87, -338.26, 875.55, -177.35, -39.66, 10.35, -0.88052, 0.14031, -0.13670, -0.43164
272, 15, 36.985, 18.967, -14.191, -277.71, -437.01, 1052.31, -133.19, -28.18, 44.43, -0.87550, 0.18018, -0.09546, -0.43810
272, 16, 37.446, 16.683, -16.814, -249.76, -382.93, 1132.81, -81.83, -18.32, 50.76, -0.87336, 0.19249, -0.06684, -0.44240
272, 16, 37.729, 14.194, -14.841, -198.61, -176.94, 1193.91, -39.41, -13.74, 41.37, -0.87927, 0.16867, -0.05463, -0.44210
272, 16, 38.111, 11.932, -10.782, -135.01, 38.94, 1207.46, -2.27, -14.34, 26.48, -0.88603, 0.12931, -0.05214, -0.44216
272, 16, 38.020, 9.765, -5.546, -82.28, 328.00, 1168.03, 2.49, -16.29, -6.62, -0.89337, 0.08050, -0.05541, -0.43857
272, 15, 37.224, 7.060, -5.970, 17.40, -159.61, 1204.28, -4.42, -2.23, -6.62, -0.89818, 0.07339, -0.03310, -0.43219
272, 15, 36.290, 5.289, -7.055, 60.42, -396.85, 1235.23, 46.84, 13.28, -11.00, -0.90209, 0.07518, -0.01570, -0.42465
272, 15, 34.974, 5.608, -6.008, -86.85, -316.47, 1171.39, 109.93, 26.08, -30.65, -0.90738, 0.06784, -0.02288, -0.41417
272, 15, 34.781, 8.067, -0.782, -258.00, -21.61, 1103.39, 147.45, 21.00, -15.14, -0.90900, 0.03513, -0.06131, -0.41077
272, 16, 35.485, 10.345, 5.601, -337.65, 210.88, 1084.53, 145.16, 9.70, -2.75, -0.90598, -0.00668, -0.10214, -0.41076
272, 15, 36.524, 12.040, 10.469, -345.58, 217.65, 1095.76, 127.59, -6.94, -11.36, -0.90043, -0.03771, -0.13311, -0.41241
272, 16, 38.104, 13.552, 14.099, -380.25, 283.39, 1011.11, 91.74, -10.73, 9.24, -0.89247, -0.05833, -0.15862, -0.41825
272, 16, 39.184, 13.437, 15.600, -304.38, 297.61, 1167.05, 54.87, -14.12, 1.25, -0.88771, -0.06892, -0.16386, -0.42470
272, 15, 38.899, 14.040, 13.704, -331.67, 94.42, 1141.91, 25.89, -10.79, -19.20, -0.88950, -0.05225, -0.16129, -0.42431
272, 15, 38.508, 16.140, 10.774, -484.50, -37.05, 1095.03, 6.74, -4.69, -12.71, -0.89061, -0.02183, -0.16642, -0.42266
272, 16, 38.208, 18.053, 8.461, -567.32, 15.87, 1119.08, -7.64, -16.99, -9.20, -0.89029, 0.00312, -0.17257, -0.42142
272, 15, 37.764, 20.200, 7.416, -723.75, 204.10, 1076.54, -37.16, -38.34, -29.25, -0.88958, 0.01879, -0.18527, -0.41710
272, 16, 37.220, 19.220, 6.257, -483.58, 294.19, 1092.29, -76.37, -67.21, -47.13, -0.89244, 0.02323, -0.17362, -0.41577
272, 16, 36.656, 16.744, 2.877, -306.95, 133.24, 1061.34, -110.02, -62.95, -39.44, -0.89626, 0.03957, -0.14226, -0.41824
272, 16, 36.814, 17.188, 0.587, -495.73, 244.38, 923.03, -146.33, -67.44, -27.90, -0.89420, 0.05930, -0.13725, -0.42197
272, 16, 36.856, 13.171, -5.739, -162.23, -94.30, 1004.27, -171.71, -75.06, 1.16, -0.89433, 0.09395, -0.08226, -0.42963
272, 15, 37.357, 10.427, -12.619, -121.95, -358.09, 1065.67, -158.02, -47.69, 31.56, -0.88851, 0.13771, -0.03422, -0.43636
272, 15, 37.804, 8.669, -16.772, -141.91, -324.34, 1078.61, -122.70, -27.55, 33.91, -0.88333, 0.16347, -0.00402, -0.43930
272, 16, 38.330, 7.583, -18.254, -151.67, -341.80, 1146.79, -77.50, -16.44, 43.84, -0.88037, 0.17086, 0.01089, -0.44230
272, 15, 38.786, 6.538, -17.456, -122.86, -273.93, 1202.39, -44.04, -12.42, 34.39, -0.88089, 0.16079, 0.01658, -0.44487
272, 15, 38.778, 5.295, -15.153, -93.08, -196.11, 1226.75, -15.18, -8.13, 21.32, -0.88510, 0.13837, 0.01728, -0.44402
272, 17, 39.084, 4.803, -12.357, -100.65, -83.62, 1225.59, -5.87, -4.09, 24.54, -0.88739, 0.11484, 0.01058, -0.44635
272, 15, 39.194, 3.182, -12.544, 11.17, -399.17, 1368.23, 17.65, -1.87, 25.37, -0.88791, 0.11005, 0.02402, -0.44602
272, 16, 39.683, 1.605, -11.517, 107.79, -442.87, 1423.10, 67.70, 8.85, 35.20, -0.88782, 0.09587, 0.03270, -0.44891
272, 15, 40.047, 1.133, -6.671, 60.79, -124.02, 1459.23, 107.34, 20.95, 23.32, -0.88980, 0.05635, 0.01754, -0.45253
272, 15, 40.718, 1.466, -0.963, 39.49, 118.84, 1421.75, 110.44, 31.79, 22.58, -0.88879, 0.01333, -0.00752, -0.45806
272, 16, 41.518, 2.104, 3.320, 20.26, 109.99, 1358.70, 99.69, 42.09, 17.73, -0.88545, -0.01714, -0.02970, -0.46347
272, 14, 42.517, 3.467, 5.779, -35.83, 55.66, 1252.69, 97.52, 52.74, 21.79, -0.88084, -0.03017, -0.05042, -0.46975
272, 15, 43.597, 6.001, 7.601, -139.28, 12.02, 1137.08, 106.83, 55.01, 26.39, -0.87569, -0.03298, -0.07760, -0.47545
272, 17, 44.040, 8.858, 9.986, -249.27, 28.20, 1018.68, 129.78, 40.74, 16.04, -0.87262, -0.03875, -0.10930, -0.47443
273, 7, 43.382, 16.558, 2.255, -352.97, -11.54, 1180.30, -12.84, -11.40, 7.83, -0.87009, 0.05180, -0.13573, -0.47099
273, 27, 42.596, 14.282, 1.702, -271.42, 15.50, 1189.94, 3.75, -10.35, -4.36, -0.87526, 0.04575, -0.11651, -0.46718
273, 15, 42.320, 13.338, 2.660, -251.83, 74.46, 1187.81, 13.49, -6.51, -7.68, -0.87752, 0.03427, -0.11330, -0.46471
273, 17, 42.351, 12.585, 3.937, -232.48, 122.50, 1184.14, 14.95, -5.04, -6.20, -0.87827, 0.02142, -0.11272, -0.46420
273, 15, 42.530, 12.260, 5.101, -237.43, 135.44, 1149.72, 15.50, -3.31, -3.91, -0.87793, 0.01135, -0.11493, -0.46466
273, 15, 42.776, 12.147, 6.229, -244.45, 153.93, 1120.12, 15.41, -5.46, -3.01, -0.87706, 0.00249, -0.11863, -0.46549
273, 16, 43.168, 10.750, 7.548, -163.64, 212.65, 1190.25, 12.41, -11.06, -0.34, -0.87613, -0.01302, -0.11341, -0.46837
273, 15, 43.548, 9.028, 8.270, -73.61, 216.86, 1181.76, 2.13, -0.35, -1.24, -0.87509, -0.02540, -0.10336, -0.47211
273, 15, 43.664, 9.215, 6.498, -168.64, 29.42, 1155.09, -1.63, 10.83, 2.05, -0.87483, -0.01099, -0.09748, -0.47440
273, 15, 43.643, 10.161, 4.960, -241.33, -16.97, 1167.42, 7.72, 11.29, 3.34, -0.87454, 0.00472, -0.09830, -0.47485
273, 15, 42.821, 10.320, 3.671, -255.92, -5.13, 1502.75, 8.51, 9.50, -14.80, -0.87774, 0.01455, -0.09427, -0.46955
273, 16, 42.365, 11.554, 6.457, -295.65, 409.91, 1216.37, -1.63, 19.20, -36.25, -0.87907, -0.00213, -0.11504, -0.46261
273, 16, 41.251, 15.043, 8.460, -567.08, 661.99, 1101.62, -57.98, 26.73, -77.55, -0.88124, -0.00452, -0.14956, -0.44835
273, 15, 40.322, 17.276, 5.954, -537.41, 384.46, 1058.41, -144.88, -7.88, -60.00, -0.88278, 0.02251, -0.15693, -0.44223
273, 15, 39.666, 18.839, 1.540, -456.42, 187.13, 958.37, -177.85, -10.70, -39.28, -0.88198, 0.06177, -0.15212, -0.44176
273, 16, 38.380, 18.102, -6.732, -351.93, -242.61, 1062.26, -179.51, -18.71, -10.13, -0.88133, 0.12114, -0.11554, -0.44186
273, 16, 37.955, 16.288, -13.629, -243.65, -424.38, 1097.11, -147.77, -15.59, 26.26, -0.87703, 0.16707, -0.07529, -0.44412
273, 16, 37.923, 14.067, -16.518, -227.23, -334.59, 1165.41, -99.33, -17.68, 27.52, -0.87615, 0.18115, -0.04686, -0.44425
273, 15, 37.384, 10.764, -15.826, -128.17, -250.92, 1229.68, -49.25, -23.59, 15.82, -0.88379, 0.16374, -0.02458, -0.43761
273, 16, 37.199, 7.719, -12.961, -42.30, -72.81, 1217.16, -11.51, -27.85, 7.50, -0.89152, 0.13044, -0.01189, -0.43364
273, 16, 36.903, 5.178, -8.398, -8.48, 153.81, 1203.06, 15.02, -29.75, -10.13, -0.89894, 0.08539, -0.00940, -0.42958
273, 15, 36.111, 3.054, -4.070, 49.74, 272.46, 1174.13, 10.48, -19.73, -34.07, -0.90534, 0.04342, -0.00917, -0.42236
273, 15, 35.821, 1.495, -5.411, 105.53, -317.32, 1209.11, 37.96, 1.17, -15.14, -0.90635, 0.04831, 0.00798, -0.41967
273, 16, 35.681, 1.193, -5.307, 76.29, -385.86, 1217.71, 100.88, 21.55, -11.40, -0.90699, 0.04640, 0.00993, -0.41848
273, 15, 35.941, 3.800, -2.297, -176.82, -182.50, 1088.50, 146.35, 20.37, -2.04, -0.90630, 0.03212, -0.02164, -0.42085
273, 14, 37.483, 6.055, 5.128, -291.99, 268.13, 1048.65, 152.52, -3.57, 28.88, -0.90038, -0.01744, -0.06690, -0.42957
273, 16, 39.332, 6.392, 11.897, -225.59, 372.31, 1070.86, 128.27, -30.75, 26.19, -0.89080, -0.06775, -0.09587, -0.43896
273, 17, 40.703, 4.825, 15.673, -100.22, 353.64, 1169.37, 92.48, -41.77, 22.59, -0.88255, -0.10201, -0.09945, -0.44812
273, 16, 41.929, 4.172, 15.996, -130.98, 203.25, 1137.51, 64.05, -36.90, 28.66, -0.87724, -0.10608, -0.09686, -0.45805
273, 15, 41.968, 4.841, 14.754, -216.80, 53.83, 1105.22, 55.65, -34.21, -1.33, -0.87833, -0.09380, -0.09702, -0.45861
273, 14, 41.538, 6.037, 13.917, -306.21, 54.63, 1098.63, 58.45, -44.78, -13.21, -0.88087, -0.08288, -0.10248, -0.45465
273, 16, 41.019, 6.047, 13.776, -256.53, 161.50, 1161.68, 50.24, -62.60, -16.70, -0.88302, -0.08221, -0.10162, -0.45078
273, 15, 40.119, 5.250, 12.104, -181.82, 72.63, 1193.48, 31.29, -63.58, -30.30, -0.88762, -0.07323, -0.08834, -0.44605
273, 15, 40.555, 6.112, 11.239, -296.26, 158.20, 1142.88, 13.77, -60.93, -29.10, -0.88645, -0.06275, -0.09185, -0.44926
273, 17, 40.283, 5.259, 11.203, -204.41, 375.18, 1224.06, -31.88, -79.27, -55.05, -0.88753, -0.06609, -0.08500, -0.44800
273, 15, 39.955, 4.230, 10.431, -106.93, 402.89, 1182.07, -71.97, -61.36, -63.51, -0.88919, -0.06441, -0.07385, -0.44691
273, 15, 40.111, 4.286, 10.024, -138.98, 529.91, 1043.95, -114.11, -40.92, -50.79, -0.88881, -0.06093, -0.07278, -0.44833
273, 16, 40.651, 4.740, 4.969, -136.35, 162.96, 1083.56, -153.40, -29.35, -33.08, -0.88844, -0.01962, -0.05655, -0.45508
273, 15, 41.529, 4.380, -2.049, -68.66, -97.78, 1043.46, -159.17, -20.32, -2.47, -0.88458, 0.03356, -0.02555, -0.46449
273, 16, 42.622, 3.765, -9.320, -25.09, -428.65, 1156.68, -129.18, -11.72, 25.26, -0.87656, 0.08703, 0.00953, -0.47326
273, 15, 43.769, 2.745, -12.685, 21.85, -281.56, 1173.03, -82.87, -2.35, 35.23, -0.86955, 0.10826, 0.03232, -0.48075
273, 15, 44.117, 2.041, -11.176, -10.25, 12.33, 1099.49, -59.98, -0.36, 23.12, -0.86983, 0.09377, 0.03163, -0.48332
273, 17, 44.569, 0.935, -10.697, 21.06, -106.26, 1144.47, -45.17, -5.85, 27.28, -0.86885, 0.08534, 0.03836, -0.48615
273, 15, 45.394, 0.023, -12.211, 44.31, -331.05, 1207.89, -17.12, -2.30, 42.43, -0.86458, 0.09258, 0.05236, -0.49111
273, 15, 46.489, -0.305, -12.379, 37.90, -346.01, 1262.76, 17.53, 7.90, 58.36, -0.85986, 0.09191, 0.05643, -0.49901
273, 16, 47.445, -0.576, -11.831, 71.84, -385.80, 1302.86, 49.67, 21.16, 59.05, -0.85621, 0.08614, 0.05680, -0.50621
273, 15, 48.436, -0.224, -10.284, 71.72, -359.01, 1272.46, 82.84, 43.48, 66.99, -0.85275, 0.07572, 0.04798, -0.51457
273, 15, 49.475, 2.296, -5.187, -106.20, -50.96, 1319.15, 99.56, 56.56, 68.34, -0.84987, 0.04902, 0.00669, -0.52467
273, 16, 50.384, 4.631, 0.386, -184.08, 200.32, 1270.08, 82.03, 52.26, 56.18, -0.84657, 0.01861, -0.03602, -0.53073
273, 14, 50.927, 6.726, 4.421, -210.39, 211.61, 1219.12, 48.97, 42.94, 37.35, -0.84380, -0.00115, -0.07013, -0.53206
273, 17, 50.705, 8.132, 5.636, -205.81, 113.46, 1183.59, 22.00, 32.68, 23.98, -0.84441, -0.00368, -0.08607, -0.52872
273, 15, 50.141, 8.484, 5.604, -166.63, 85.02, 1147.71, 5.10, 25.10, 16.85, -0.84690, -0.00224, -0.08849, -0.52433
273, 15, 49.500, 8.492, 4.735, -148.13, 52.31, 1115.66, -7.85, 22.38, 12.82, -0.84981, 0.00375, -0.08459, -0.52024
273, 16, 48.756, 8.751, 3.202, -158.33, 2.93, 1078.74, -15.48, 21.56, 8.71, -0.85294, 0.01579, -0.07964, -0.51565
273, 15, 48.236, 9.064, 2.181, -164.55, 18.98, 1034.85, -21.46, 19.66, 13.91, -0.85495, 0.02445, -0.07748, -0.51232
273, 15, 48.180, 9.145, 2.275, -155.70, 82.15, 1023.68, -31.62, 18.79, 20.75, -0.85518, 0.02407, -0.07851, -0.51179
273, 16, 48.211, 9.129, 1.815, -149.35, 79.35, 1010.56, -50.05, 19.00, 23.84, -0.85494, 0.02746, -0.07634, -0.51234
274, 7, 42.948, 9.412, 4.966, -199.34, 54.99, 1093.75, 72.77, -16.72, 13.44, -0.87777, 0.00097, -0.09264, -0.47005
274, 27, 43.864, 6.955, 10.166, -115.48, 181.95, 1093.14, 69.56, -19.73, 14.11, -0.87358, -0.04834, -0.09558, -0.47476
274, 15, 44.387, 5.825, 12.055, -85.02, 208.80, 1090.45, 60.42, -13.90, 11.15, -0.87047, -0.06707, -0.09515, -0.47826
274, 16, 45.631, 5.774, 13.005, -107.79, 204.77, 1106.02, 50.60, -5.70, 6.45, -0.86464, -0.07342, -0.09952, -0.48693
274, 16, 46.479, 6.716, 13.547, -174.56, 208.62, 1084.53, 41.10, -0.74, 2.47, -0.86077, -0.07262, -0.10942, -0.49177
274, 15, 46.997, 8.303, 14.155, -255.74, 245.91, 1066.77, 29.01, -2.34, -3.19, -0.85822, -0.06964, -0.12415, -0.49314
274, 16, 47.357, 9.787, 14.524, -301.88, 282.35, 1068.12, 10.54, -8.73, -3.95, -0.85640, -0.06539, -0.13692, -0.49351
274, 15, 47.221, 8.999, 11.694, -152.16, 80.69, 1311.10, -9.57, -7.40, -3.23, -0.85847, -0.04788, -0.11879, -0.49661
274, 15, 47.361, 7.833, 8.659, -35.22, -90.03, 1447.39, 2.44, 11.02, 8.37, -0.85908, -0.03019, -0.09695, -0.50168
274, 16, 47.751, 9.045, 12.025, -187.32, 621.64, 1194.89, -5.34, 36.13, -17.38, -0.85602, -0.04959, -0.12080, -0.50018
274, 15, 46.929, 13.056, 14.125, -527.71, 888.43, 1023.74, -80.60, 40.02, -75.12, -0.85779, -0.04836, -0.15910, -0.48635
274, 16, 45.337, 15.393, 9.402, -390.93, 330.02, 997.62, -177.27, 9.80, -50.64, -0.86445, -0.00478, -0.15617, -0.47783
274, 16, 42.786, 15.988, -0.921, -305.91, -321.90, 986.15, -178.83, 8.65, -28.76, -0.87142, 0.07292, -0.11868, -0.47034
274, 15, 41.134, 15.576, -8.285, -288.45, -343.87, 1111.63, -145.10, 8.52, -2.58, -0.87228, 0.12584, -0.08691, -0.46448
274, 16, 39.910, 14.897, -11.541, -290.10, -179.14, 1141.60, -121.03, 11.25, -0.99, -0.87425, 0.14720, -0.07003, -0.45728
274, 15, 38.864, 14.819, -14.800, -332.70, -276.25, 1127.14, -108.84, 3.08, 9.45, -0.87399, 0.17119, -0.05797, -0.45109
274, 15, 38.954, 12.517, -15.914, -169.43, -267.09, 1152.71, -80.49, -9.75, 29.65, -0.87527, 0.17124, -0.03559, -0.45090
274, 16, 39.283, 9.644, -15.475, -49.32, -224.43, 1221.74, -49.59, -12.78, 27.37, -0.87827, 0.15724, -0.01456, -0.45134
274, 15, 39.251, 7.139, -14.254, -35.95, -201.11, 1232.42, -21.43, -13.24, 10.14, -0.88265, 0.13839, 0.00003, -0.44920
274, 15, 38.143, 4.686, -12.480, -11.96, -167.54, 1218.20, -7.68, -7.35, -15.11, -0.89099, 0.11543, 0.01102, -0.43896
274, 17, 37.434, 2.850, -12.941, 58.04, -486.02, 1291.69, 41.82, 2.08, -4.37, -0.89447, 0.11227, 0.02642, -0.43199
274, 15, 37.054, 1.944, -10.771, 17.15, -345.34, 1270.94, 96.81, 10.89, -0.43, -0.89833, 0.09201, 0.02504, -0.42884
274, 16, 36.626, 2.925, -8.812, -99.43, -351.93, 1067.63, 134.57, 9.55, -10.38, -0.90093, 0.08032, 0.00969, -0.42636
274, 15, 37.058, 4.428, -2.512, -179.38, -23.56, 1102.60, 162.39, -3.61, 3.86, -0.90186, 0.03637, -0.02548, -0.42974
274, 15, 37.587, 5.677, 4.019, -212.95, 151.86, 999.45, 153.95, -19.33, -3.97, -0.90022, -0.01010, -0.05978, -0.43120
274, 16, 38.543, 5.728, 10.268, -179.99, 399.41, 1090.03, 114.14, -29.35, 2.72, -0.89473, -0.05826, -0.08409, -0.43473
274, 15, 39.117, 4.554, 13.439, -74.16, 383.18, 1225.16, 59.65, -32.79, -10.48, -0.89048, -0.08709, -0.08741, -0.43798
274, 15, 39.180, 5.917, 11.514, -220.64, 70.80, 1160.77, 21.72, -23.88, -38.35, -0.89162, -0.06675, -0.09065, -0.43857
274, 16, 39.243, 9.495, 9.273, -543.33, -28.69, 1005.13, 7.06, -34.65, -23.38, -0.89177, -0.03524, -0.10979, -0.43756
274, 15, 38.989, 10.340, 8.649, -424.19, 214.66, 1161.13, -16.55, -63.64, -36.98, -0.89259, -0.02732, -0.11388, -0.43540
274, 15, 37.851, 10.779, 6.916, -361.57, 210.14, 1090.27, -57.05, -65.67, -69.18, -0.89698, -0.01321, -0.11055, -0.42782
274, 16, 36.721, 11.305, 4.278, -393.68, 238.71, 983.34, -115.91, -77.71, -74.57, -0.90092, 0.00841, -0.10487, -0.42104
274, 15, 35.620, 9.063, -2.488, -146.48, -100.28, 1050.60, -141.12, -66.96, -58.30, -0.90466, 0.05268, -0.06271, -0.41818
274, 15, 36.096, 6.421, -7.240, -15.38, -59.02, 1027.65, -149.35, -33.43, -16.65, -0.90197, 0.08073, -0.02409, -0.42350
274, 16, 36.964, 6.790, -10.410, -129.15, -7.08, 992.31, -168.44, -6.33, 2.78, -0.89586, 0.10710, -0.01446, -0.43099
274, 15, 37.420, 8.448, -15.539, -229.55, -175.11, 990.30, -186.74, 1.27, 25.20, -0.88675, 0.15312, -0.00753, -0.43609
274, 17, 37.342, 9.411, -21.574, -314.27, -481.45, 1108.95, -173.13, -6.20, 31.81, -0.87650, 0.20304, 0.00782, -0.43643
274, 15, 36.959, 7.996, -25.499, -220.46, -593.99, 1179.14, -126.17, -28.44, 26.16, -0.87247, 0.22805, 0.03292, -0.43093
274, 15, 36.835, 4.731, -26.192, -57.56, -581.60, 1294.13, -74.26, -41.64, 13.70, -0.87569, 0.22183, 0.06047, -0.42461
274, 16, 36.514, 2.568, -24.917, -83.80, -484.68, 1257.57, -31.75, -40.91, -1.65, -0.88156, 0.20452, 0.07188, -0.41936
274, 15, 36.233, 0.578, -22.956, -37.23, -452.27, 1344.12, -7.29, -41.84, -8.37, -0.88763, 0.18241, 0.07967, -0.41533
274, 15, 36.541, -1.955, -22.532, 198.79, -702.82, 1523.32, 21.54, -22.02, 13.76, -0.88889, 0.16967, 0.09822, -0.41404
274, 16, 37.269, -2.371, -20.160, 227.66, -670.90, 1681.95, 72.66, 28.60, 43.26, -0.88977, 0.14911, 0.09381, -0.42104
274, 15, 37.498, -0.190, -16.427, 174.56, -635.62, 1651.37, 130.12, 103.78, 47.78, -0.89232, 0.12807, 0.06332, -0.42820
274, 17, 38.445, 5.708, -11.513, -108.64, -385.07, 1355.16, 158.79, 149.99, 77.57, -0.89002, 0.11175, -0.00037, -0.44201
274, 15, 39.887, 13.538, -4.826, -424.32, -98.14, 1138.98, 170.35, 166.24, 79.43, -0.88300, 0.09048, -0.08620, -0.45244
274, 15, 42.024, 20.958, 2.420, -597.35, 76.90, 1016.11, 164.92, 151.37, 78.35, -0.87053, 0.06677, -0.17041, -0.45681
274, 16, 44.614, 25.961, 9.595, -544.49, 161.01, 955.51, 153.27, 125.81, 77.55, -0.85674, 0.03809, -0.23515, -0.45743
274, 15, 45.842, 27.828, 14.455, -393.25, 119.02, 905.76, 150.41, 113.14, 59.10, -0.85048, 0.01268, -0.26769, -0.45262
275, 7, 16.673, 24.151, -7.038, -531.07, -88.01, 1040.10, 7.48, -3.46, -11.39, -0.93835, 0.11279, -0.18569, -0.26890
275, 26, 15.315, 25.257, -10.002, -550.35, -225.04, 989.26, 11.22, -9.54, -51.08, -0.93609, 0.13708, -0.18942, -0.26279
275, 16, 15.466, 25.079, -10.382, -507.75, -212.10, 1011.41, 25.63, -13.11, -34.15, -0.93565, 0.14007, -0.18690, -0.26460
275, 15, 16.353, 24.694, -8.672, -491.58, -139.47, 1037.84, 48.44, -12.70, -29.72, -0.93634, 0.12677, -0.18667, -0.26897
275, 16, 17.699, 24.830, -5.320, -505.49, -23.62, 1022.83, 58.70, -9.68, -25.42, -0.93623, 0.10192, -0.19439, -0.27440
275, 17, 19.126, 25.210, -1.183, -529.17, 159.36, 1017.03, 55.89, -6.97, -32.78, -0.93520, 0.07150, -0.20642, -0.27871
275, 15, 19.592, 25.619, 1.423, -555.30, 165.59, 1016.72, 37.45, -12.56, -57.75, -0.93472, 0.05209, -0.21583, -0.27748
275, 16, 19.301, 26.143, 1.726, -569.03, 69.40, 985.96, 19.20, -20.76, -64.77, -0.93460, 0.05035, -0.22095, -0.27418
275, 15, 18.790, 26.541, 0.286, -590.15, -39.00, 948.55, 5.79, -34.35, -51.00, -0.93436, 0.06208, -0.22101, -0.27254
275, 15, 18.399, 25.678, -2.029, -512.08, -143.49, 950.81, 6.22, -44.86, -31.60, -0.93552, 0.07819, -0.20867, -0.27411
275, 16, 18.981, 24.048, -3.293, -463.50, -130.74, 991.76, 12.78, -51.22, -10.68, -0.93624, 0.08572, -0.19185, -0.28162
275, 15, 19.937, 21.815, -3.347, -415.89, -72.63, 1045.47, 13.50, -52.84, -13.76, -0.93768, 0.08233, -0.17269, -0.29010
275, 15, 20.353, 17.196, -4.124, -160.77, -116.52, 1363.10, -2.98, -42.05, -17.55, -0.94298, 0.07788, -0.13237, -0.29530
275, 17, 20.140, 15.686, -5.668, -211.67, -174.56, 1218.02, -2.29, 10.60, -28.44, -0.94438, 0.08663, -0.11606, -0.29524
275, 15, 18.717, 19.541, -7.907, -751.10, -249.15, 1114.20, -12.18, 17.53, -57.56, -0.94056, 0.11262, -0.14350, -0.28648
275, 15, 18.833, 22.590, -9.948, -921.75, -281.86, 1102.84, -27.47, -24.73, -10.70, -0.93282, 0.13642, -0.16338, -0.29076
275, 16, 20.741, 23.544, -9.479, -803.22, -46.08, 1058.65, -38.86, -76.23, 14.96, -0.92663, 0.13760, -0.17014, -0.30574
275, 15, 22.602, 23.149, -10.452, -660.77, -112.79, 895.69, -68.28, -114.64, 27.44, -0.92107, 0.14717, -0.16194, -0.32208
275, 17, 24.100, 18.159, -12.485, -302.67, -175.05, 863.53, -83.14, -132.20, 31.88, -0.92284, 0.15249, -0.11350, -0.33500
275, 15, 25.409, 12.827, -14.520, -91.98, -271.12, 968.32, -69.62, -94.01, 42.50, -0.92389, 0.15548, -0.06225, -0.34405
275, 15, 26.344, 9.585, -14.636, -138.37, -240.60, 1082.58, -46.27, -54.49, 39.22, -0.92470, 0.14766, -0.03427, -0.34921
275, 17, 26.778, 10.630, -12.488, -317.87, -120.48, 1146.97, -10.75, -10.69, 25.34, -0.92489, 0.13351, -0.04882, -0.35267
275, 15, 26.928, 13.137, -9.361, -476.87, -13.37, 1116.52, 18.90, 0.34, 10.19, -0.92499, 0.11567, -0.07867, -0.35330
275, 15, 27.431, 16.687, -4.277, -682.37, 320.74, 1056.58, 29.43, 4.72, -2.52, -0.92351, 0.08561, -0.12272, -0.35320
275, 16, 27.644, 17.084, -2.805, -452.33, 14.59, 1086.67, 2.85, -37.16, 5.80, -0.92337, 0.07518, -0.13032, -0.35320
275, 15, 27.359, 13.726, -2.617, -61.16, -144.65, 1136.66, 37.17, -12.26, 8.31, -0.92828, 0.06321, -0.10387, -0.35145
275, 15, 26.257, 11.387, -2.402, 52.12, -209.90, 1068.85, 73.92, 33.83, -18.36, -0.93397, 0.05357, -0.08605, -0.34268
275, 16, 25.089, 11.194, -0.749, 8.30, -121.40, 1016.30, 104.37, 85.11, -35.39, -0.93824, 0.03860, -0.08980, -0.33190
275, 15, 25.134, 16.061, 3.172, -271.73, 40.71, 990.72, 112.25, 118.83, -30.43, -0.93452, 0.02069, -0.14079, -0.32622
275, 17, 25.156, 22.015, 5.733, -546.45, 55.05, 989.32, 99.24, 109.94, -32.96, -0.92745, 0.01731, -0.19615, -0.31790
275, 15, 25.158, 26.737, 7.499, -793.82, 96.56, 1044.80, 76.04, 56.27, -33.68, -0.92030, 0.01696, -0.23873, -0.30948
275, 15, 24.521, 27.903, 6.503, -672.24, 59.02, 1184.75, 25.05, 11.03, -40.56, -0.91975, 0.02701, -0.24545, -0.30510
275, 16, 21.863, 27.282, 1.194, -558.90, -311.28, 1094.73, -5.57, -23.54, -48.84, -0.92581, 0.06257, -0.22759, -0.29523
275, 15, 20.503, 24.870, -2.778, -408.20, -328.37, 1119.14, 4.33, -35.34, -23.94, -0.93130, 0.08610, -0.19871, -0.29288
275, 15, 21.132, 23.395, -4.784, -468.81, -221.25, 1104.00, 0.68, -37.61, 12.83, -0.93073, 0.09979, -0.18096, -0.30172
275, 16, 22.158, 22.837, -5.609, -553.10, -141.36, 1108.89, -9.48, -51.65, 11.88, -0.92824, 0.10666, -0.17328, -0.31141
275, 15, 23.263, 23.548, -6.223, -759.64, -93.99, 1036.62, -29.08, -76.39, 11.40, -0.92331, 0.11514, -0.17630, -0.32118
275, 16, 24.399, 21.988, -7.033, -623.84, -62.26, 987.43, -57.01, -127.68, 9.03, -0.92204, 0.11918, -0.16017, -0.33165
275, 16, 25.373, 17.025, -9.444, -351.50, -140.26, 964.78, -84.34, -150.40, 17.50, -0.92451, 0.12616, -0.11169, -0.34189
275, 15, 26.037, 10.952, -13.459, -117.07, -358.22, 1002.38, -78.62, -136.05, 23.06, -0.92563, 0.14195, -0.04936, -0.34730
275, 17, 27.001, 8.293, -16.376, -176.27, -405.70, 1044.37, -52.42, -82.40, 42.93, -0.92171, 0.15809, -0.01756, -0.35377
275, 15, 27.869, 6.492, -14.661, -139.89, -217.04, 1145.26, -14.32, -51.10, 35.99, -0.92292, 0.13903, -0.00718, -0.35895
275, 15, 28.485, 6.473, -12.493, -153.81, -195.50, 1133.00, 8.90, -13.24, 38.19, -0.92345, 0.12156, -0.01316, -0.36371
275, 16, 29.019, 7.247, -9.432, -206.91, -62.93, 1118.71, 19.47, -5.77, 28.04, -0.92409, 0.09938, -0.02869, -0.36790
275, 14, 29.794, 8.544, -6.380, -226.14, -18.74, 1128.23, 19.74, 8.58, 31.23, -0.92295, 0.07914, -0.04846, -0.37356
275, 16, 29.739, 6.471, -4.746, 77.70, -36.13, 1279.42, 16.04, 22.22, 7.42, -0.92554, 0.05930, -0.03704, -0.37214
275, 16, 29.294, 5.399, -3.812, 170.96, -8.67, 1306.15, 0.36, 68.30, -8.16, -0.92800, 0.04819, -0.03158, -0.36811
275, 15, 28.250, 7.049, -6.035, 9.40, -233.09, 1258.36, -18.33, 112.27, -19.17, -0.92920, 0.07107, -0.03845, -0.36062
275, 15, 27.207, 11.376, -9.312, -231.93, -393.74, 1183.78, -20.97, 128.86, 1.33, -0.92614, 0.11026, -0.06424, -0.35493
275, 16, 26.116, 16.504, -10.945, -450.07, -343.51, 1170.23, -5.26, 113.55, 10.48, -0.92130, 0.13748, -0.10208, -0.34912
275, 15, 25.231, 20.431, -11.394, -498.05, -248.66, 1136.35, -7.90, 80.72, 11.24, -0.91715, 0.15103, -0.13371, -0.34374
275, 16, 24.811, 22.968, -11.601, -473.69, -214.42, 1076.60, -19.54, 57.91, 21.77, -0.91349, 0.15895, -0.15419, -0.34131
275, 15, 24.358, 24.867, -12.657, -455.81, -238.53, 978.58, -27.95, 44.46, 35.57, -0.90952, 0.17168, -0.16705, -0.33969
276, 8, 28.847, 24.481, -3.372, -468.26, -70.86, 1049.44, 18.98, 4.50, 24.42, -0.90770, 0.10385, -0.18696, -0.36103
276, 27, 29.176, 26.617, -0.814, -545.53, -6.84, 1007.63, 19.57, 8.64, 12.60, -0.90488, 0.09075, -0.21165, -0.35798
276, 15, 29.417, 27.413, -0.089, -547.06, -8.00, 1000.18, 11.81, 6.48, 18.42, -0.90318, 0.08796, -0.22002, -0.35794
276, 15, 29.031, 27.769, -0.578, -542.54, -51.70, 1002.38, 6.04, 1.33, 15.59, -0.90330, 0.09218, -0.22161, -0.35559
276, 16, 28.062, 27.461, -2.127, -509.95, -136.05, 998.17, 8.11, -3.23, 9.86, -0.90559, 0.10162, -0.21522, -0.35109
276, 15, 27.140, 26.686, -3.622, -466.49, -185.00, 994.81, 16.94, -4.96, 12.28, -0.90856, 0.10948, -0.20534, -0.34694
276, 16, 26.463, 25.753, -4.589, -432.50, -199.28, 990.17, 29.36, -3.14, 16.17, -0.91149, 0.11328, -0.19564, -0.34363
276, 15, 26.017, 25.134, -4.921, -426.39, -187.62, 976.01, 41.47, 0.80, 18.02, -0.91369, 0.11342, -0.19012, -0.34083
276, 15, 25.834, 25.438, -4.629, -470.28, -174.74, 959.05, 53.54, 2.33, 20.80, -0.91393, 0.11164, -0.19361, -0.33879
276, 16, 26.219, 25.887, -3.081, -503.54, -106.87, 980.71, 60.75, -3.36, 22.59, -0.91337, 0.10124, -0.20142, -0.33902
276, 15, 27.184, 25.757, -0.300, -514.34, 16.85, 1017.21, 48.46, -15.13, 14.42, -0.91295, 0.08042, -0.20789, -0.34182
276, 15, 28.826, 25.429, 2.100, -535.03, 111.33, 1022.83, 20.77, -27.84, 5.87, -0.91008, 0.06333, -0.21150, -0.35074
276, 17, 28.613, 18.565, -0.545, 245.36, -302.19, 1999.94, -20.47, -46.49, 3.68, -0.91979, 0.06272, -0.14868, -0.35770
276, 16, 28.724, 17.396, 0.438, -257.45, 199.34, 1310.97, -28.94, 16.88, -33.16, -0.92142, 0.05132, -0.14230, -0.35792
276, 16, 27.572, 23.108, -3.409, -1064.03, -157.96, 974.06, -73.23, 16.47, -33.49, -0.91406, 0.09799, -0.17700, -0.35151
276, 15, 27.749, 25.787, -6.418, -1016.78, -116.58, 981.14, -88.62, -53.00, 2.14, -0.90555, 0.13004, -0.18895, -0.35689
276, 15, 28.408, 25.158, -9.541, -711.91, -171.20, 991.39, -102.25, -98.47, 19.87, -0.90086, 0.15387, -0.17325, -0.36710
276, 16, 28.083, 20.921, -14.378, -374.69, -340.45, 916.81, -100.47, -117.66, 12.14, -0.90308, 0.17932, -0.12425, -0.36993
276, 15, 28.790, 14.867, -16.997, -91.43, -351.81, 982.30, -82.87, -87.52, 42.77, -0.90680, 0.18300, -0.06600, -0.37398
276, 16, 29.615, 12.164, -16.374, -143.55, -284.61, 1101.07, -33.85, -31.59, 54.09, -0.90886, 0.17035, -0.04506, -0.37806
276, 16, 30.123, 12.808, -13.024, -295.23, -92.16, 1130.19, 3.49, 5.59, 36.00, -0.91097, 0.14597, -0.06063, -0.38098
276, 15, 30.431, 16.101, -8.562, -626.46, 129.03, 1134.52, 27.24, 13.40, 13.29, -0.91080, 0.12105, -0.10155, -0.38141
276, 15, 30.601, 17.975, -3.997, -552.98, 233.40, 1025.70, 23.19, -11.89, -9.34, -0.91188, 0.09088, -0.13154, -0.37803
276, 16, 30.149, 15.424, -2.313, -204.41, 26.92, 1145.32, 11.47, -18.76, -11.57, -0.91776, 0.06876, -0.11694, -0.37325
276, 15, 29.492, 13.084, -1.709, -40.53, -110.41, 1117.55, 48.48, 21.68, -7.19, -0.92270, 0.05580, -0.10042, -0.36801
276, 16, 28.624, 12.481, 0.736, -88.75, -19.04, 1153.56, 88.37, 55.42, -30.80, -0.92696, 0.03337, -0.10364, -0.35901
276, 15, 27.489, 15.336, 1.926, -255.13, -104.61, 1029.11, 112.92, 77.78, -40.97, -0.92808, 0.03145, -0.13072, -0.34726
276, 16, 26.938, 19.297, 4.213, -465.52, -45.29, 1129.58, 126.82, 74.45, -36.02, -0.92573, 0.02433, -0.16963, -0.33713
276, 16, 27.481, 21.970, 7.082, -537.54, 86.85, 1201.97, 108.51, 47.74, -17.89, -0.92106, 0.01030, -0.19936, -0.33437
276, 15, 28.067, 24.583, 8.795, -668.58, 113.53, 1091.06, 72.98, 17.01, -12.23, -0.91573, 0.00586, -0.22502, -0.33282
276, 16, 27.698, 26.475, 8.173, -754.46, 43.70, 1037.66, 32.32, -21.78, -22.80, -0.91376, 0.01605, -0.23817, -0.32872
276, 16, 26.436, 25.620, 4.859, -591.74, -70.01, 1087.52, -6.78, -53.53, -29.15, -0.91803, 0.03738, -0.22222, -0.32626
276, 15, 25.368, 23.558, 0.353, -467.22, -187.93, 1043.82, -33.58, -65.71, -16.72, -0.92252, 0.06559, -0.19333, -0.32754
276, 15, 25.136, 21.808, -3.963, -466.25, -238.10, 1036.01, -48.71, -67.86, 3.53, -0.92307, 0.09502, -0.16693, -0.33324
276, 16, 25.981, 20.949, -7.627, -526.00, -227.78, 985.84, -58.29, -79.50, 14.65, -0.91851, 0.12322, -0.14832, -0.34519
276, 16, 27.241, 18.329, -9.892, -393.92, -168.46, 1044.19, -70.73, -92.67, 16.82, -0.91633, 0.13534, -0.11877, -0.35764
276, 16, 28.110, 16.628, -12.531, -409.12, -235.84, 1033.87, -75.78, -91.61, 17.71, -0.91288, 0.15225, -0.09561, -0.36650
276, 15, 29.594, 16.013, -13.722, -422.85, -173.40, 940.06, -78.84, -91.22, 33.20, -0.90735, 0.16104, -0.08476, -0.37893
276, 15, 30.540, 13.352, -15.485, -300.78, -280.64, 1043.70, -71.08, -91.61, 37.28, -0.90549, 0.16739, -0.05619, -0.38588
276, 16, 31.344, 8.931, -16.047, -59.14, -304.26, 1161.07, -46.32, -70.46, 28.97, -0.90741, 0.15809, -0.01778, -0.38897
276, 15, 31.635, 5.754, -14.864, 0.18, -212.40, 1144.78, -15.79, -36.45, 13.86, -0.91101, 0.13838, 0.00398, -0.38845
276, 15, 31.841, 5.111, -12.486, -89.29, -151.61, 1200.01, 7.15, -6.74, 12.47, -0.91347, 0.11732, 0.00128, -0.38963
276, 16, 32.457, 7.271, -6.167, -290.34, 325.01, 1139.16, 30.01, 13.91, 11.90, -0.91511, 0.07424, -0.03714, -0.39457
276, 16, 33.615, 6.949, -2.719, -72.20, 148.80, 1323.18, 19.45, 18.55, 30.83, -0.91309, 0.04604, -0.04596, -0.40253
276, 15, 34.017, 5.186, 0.196, 250.61, 164.00, 1445.56, 38.76, 53.50, 8.00, -0.91329, 0.01677, -0.04205, -0.40479
276, 16, 33.398, 5.387, 3.063, 227.54, 202.21, 1385.74, 49.33, 107.64, -36.26, -0.91553, -0.00566, -0.05373, -0.39860
276, 15, 32.456, 8.262, 4.905, 67.50, 115.05, 1230.47, 56.14, 166.51, -62.55, -0.91761, -0.01098, -0.08295, -0.38857
276, 16, 32.721, 14.278, 6.757, -206.42, 121.28, 1132.02, 60.82, 184.88, -35.05, -0.91291, -0.00473, -0.13707, -0.38444
276, 15, 32.291, 22.240, 7.773, -572.57, 30.33, 1058.11, 77.81, 170.11, -41.28, -0.90596, 0.01412, -0.20310, -0.37120
276, 15, 31.349, 28.988, 8.646, -683.72, 1.89, 994.87, 94.06, 140.21, -46.01, -0.89869, 0.02842, -0.25846, -0.35319
276, 16, 30.147, 33.822, 9.937, -666.02, 48.58, 957.95, 102.47, 107.75, -42.99, -0.89335, 0.03159, -0.29974, -0.33329
276, 16, 30.137, 36.276, 11.741, -633.36, 109.13, 921.14, 98.18, 81.11, -26.42, -0.88860, 0.02571, -0.32355, -0.32412
276, 15, 30.629, 37.144, 13.661, -604.31, 162.05, 897.46, 85.16, 60.56, -24.89, -0.88566, 0.01519, -0.33538, -0.32078
276, 17, 30.872, 37.382, 14.201, -592.59, 141.30, 879.46, 62.51, 45.87, -17.73, -0.88452, 0.01255, -0.33865, -0.32059
277, 7, 27.624, 30.765, -1.076, -642.09, 29.97, 961.73, 1.01, -2.08, 8.43, -0.90094, 0.10228, -0.24490, -0.34332
277, 27, 27.683, 30.624, -2.373, -597.23, -48.40, 969.06, -5.87, -11.39, -6.38, -0.89986, 0.11218, -0.23984, -0.34662
277, 16, 28.015, 29.994, -2.908, -560.67, -61.95, 972.23, -8.10, -14.68, 5.30, -0.89971, 0.11521, -0.23291, -0.35073
277, 15, 28.908, 28.627, -2.566, -508.42, -30.03, 997.38, -10.57, -13.92, 14.58, -0.90020, 0.11021, -0.22229, -0.35789
277, 16, 29.554, 27.604, -2.380, -505.00, -31.37, 1000.12, -10.99, -14.27, 14.59, -0.90042, 0.10684, -0.21420, -0.36323
277, 15, 30.248, 27.277, -1.814, -524.78, 2.50, 979.37, -14.66, -18.52, 12.73, -0.89937, 0.10267, -0.21280, -0.36784
277, 16, 30.854, 27.409, -1.094, -568.91, 47.67, 951.17, -20.00, -28.80, 6.71, -0.89779, 0.09858, -0.21562, -0.37115
277, 15, 31.208, 27.316, -0.836, -597.60, 48.46, 959.23, -27.26, -43.88, 3.46, -0.89705, 0.09692, -0.21543, -0.37351
277, 15, 31.191, 26.460, -0.850, -591.31, 57.25, 986.76, -36.22, -61.94, -4.46, -0.89871, 0.09423, -0.20868, -0.37401
277, 17, 30.188, 19.513, -4.209, 39.55, -277.59, 1468.87, -51.60, -69.05, -1.88, -0.91086, 0.09698, -0.14347, -0.37462
277, 15, 28.361, 18.703, -5.847, -217.71, -181.58, 1234.31, -9.77, 56.24, -33.08, -0.91650, 0.10533, -0.13331, -0.36217
277, 15, 26.608, 23.430, -7.287, -1110.17, -142.09, 1095.83, -23.48, 5.02, -48.84, -0.91261, 0.12838, -0.16867, -0.34960
277, 16, 27.444, 25.218, -6.581, -1067.87, 144.78, 1106.02, -51.97, -72.46, -9.92, -0.90743, 0.12918, -0.18424, -0.35487
277, 15, 27.610, 25.144, -8.277, -956.36, -2.44, 935.55, -90.99, -135.83, -19.87, -0.90505, 0.14264, -0.17818, -0.35887
277, 15, 28.763, 19.897, -12.211, -380.68, -233.09, 900.15, -111.33, -165.41, 41.38, -0.90592, 0.15997, -0.12204, -0.37258
277, 17, 30.519, 14.518, -15.731, -183.04, -310.12, 807.62, -91.04, -137.88, 70.34, -0.90355, 0.17294, -0.06472, -0.38666
277, 15, 30.829, 6.830, -16.974, 185.67, -371.95, 1030.46, -40.18, -90.55, 24.54, -0.91002, 0.15866, 0.00143, -0.38300
277, 17, 30.551, 3.301, -15.038, 110.90, -258.42, 1174.26, 17.70, -24.28, 9.95, -0.91626, 0.13190, 0.02293, -0.37754
277, 15, 30.488, 7.458, -7.220, -480.16, 422.97, 1073.43, 68.15, 30.60, 0.82, -0.92090, 0.08267, -0.03644, -0.37919
277, 15, 30.727, 9.899, -1.893, -375.43, 327.45, 1077.21, 36.51, 12.75, -5.37, -0.92133, 0.04792, -0.07360, -0.37872
277, 16, 30.759, 10.439, 1.497, -187.93, 163.15, 1151.37, 38.17, 24.38, -11.76, -0.92188, 0.02245, -0.08910, -0.37642
277, 15, 30.782, 10.107, 3.766, -62.56, 99.73, 1057.56, 47.59, 50.60, -13.24, -0.92227, 0.00310, -0.09387, -0.37495
277, 14, 30.358, 12.615, 4.116, -193.42, -11.41, 1015.20, 63.79, 78.48, -22.14, -0.92195, 0.00819, -0.11516, -0.36971
277, 16, 29.596, 16.107, 4.956, -322.81, -38.82, 1070.43, 92.03, 81.69, -30.57, -0.92136, 0.01197, -0.14587, -0.36010
277, 16, 29.020, 19.821, 5.894, -451.35, -49.38, 1128.66, 100.06, 70.77, -29.88, -0.91912, 0.01560, -0.17851, -0.35088
277, 16, 28.539, 22.659, 5.944, -536.25, -154.36, 1098.02, 104.45, 48.47, -12.54, -0.91679, 0.02344, -0.20131, -0.34411
277, 16, 27.687, 25.121, 5.370, -581.36, -209.78, 1012.94, 102.69, 29.89, -12.97, -0.91540, 0.03418, -0.21934, -0.33580
277, 15, 27.696, 27.405, 6.184, -741.33, -79.90, 1036.62, 94.49, 1.43, -3.87, -0.91174, 0.03479, -0.23976, -0.33173
277, 16, 28.605, 26.566, 8.417, -599.00, 166.20, 1138.37, 66.46, -31.80, -12.00, -0.91102, 0.01628, -0.23946, -0.33532
277, 15, 28.549, 25.873, 7.952, -599.30, 118.53, 1102.54, 18.88, -45.01, -23.62, -0.91224, 0.01765, -0.23266, -0.33672
277, 15, 28.393, 25.496, 6.274, -645.63, 65.49, 1018.01, -14.32, -68.69, -15.72, -0.91296, 0.02951, -0.22478, -0.33927
277, 16, 28.688, 22.536, 2.863, -486.08, -15.38, 1078.74, -46.49, -89.29, 4.75, -0.91556, 0.04795, -0.19094, -0.35070
277, 16, 28.876, 20.109, -1.074, -428.28, -93.08, 1014.22, -69.73, -91.37, 8.22, -0.91651, 0.07212, -0.15925, -0.35979
277, 15, 28.852, 16.106, -5.855, -223.39, -250.67, 1035.22, -75.25, -82.74, 11.31, -0.91853, 0.09799, -0.11194, -0.36628
277, 16, 29.188, 13.872, -9.025, -282.90, -222.78, 1082.46, -61.49, -64.16, 14.31, -0.91730, 0.11678, -0.08340, -0.37144
277, 15, 29.632, 12.342, -10.166, -279.36, -191.71, 1124.21, -39.96, -53.65, 14.46, -0.91649, 0.12145, -0.06688, -0.37526
277, 16, 30.893, 11.731, -9.237, -268.19, -132.69, 1096.86, -18.01, -40.07, 38.00, -0.91394, 0.11281, -0.06376, -0.38460
277, 16, 32.432, 10.970, -6.905, -228.45, -49.99, 1090.70, 3.38, -31.13, 47.55, -0.91158, 0.09259, -0.06422, -0.39538
277, 15, 33.842, 9.480, -4.564, -150.76, -26.79, 1193.42, 15.04, -17.90, 50.68, -0.90963, 0.06965, -0.05951, -0.40519
277, 15, 35.625, 7.016, -2.217, 54.57, 33.51, 1300.90, 20.74, 7.88, 57.24, -0.90605, 0.04311, -0.04750, -0.41828
277, 16, 36.292, 6.112, -1.367, 199.89, -18.55, 1405.76, 13.53, 80.97, 32.24, -0.90435, 0.03336, -0.04325, -0.42329
277, 15, 35.963, 7.715, -2.076, 53.10, -138.98, 1276.55, 13.05, 131.09, 7.11, -0.90446, 0.04470, -0.05342, -0.42082
277, 16, 35.480, 12.996, -3.383, -274.11, -203.67, 1159.36, 14.27, 146.01, 15.35, -0.90132, 0.07382, -0.09059, -0.41710
277, 15, 35.113, 19.568, -3.603, -601.56, -146.12, 1083.25, 12.45, 122.35, 22.44, -0.89438, 0.09852, -0.14178, -0.41264
277, 15, 35.482, 24.967, -2.139, -723.75, 33.75, 1044.98, 2.46, 83.75, 28.37, -0.88561, 0.10667, -0.18884, -0.41067
277, 16, 36.203, 27.744, -0.355, -637.08, 112.85, 1029.60, -16.20, 46.35, 25.82, -0.87955, 0.10405, -0.21601, -0.41098
277, 15, 36.734, 28.200, 0.419, -505.43, 72.33, 979.00, -37.96, 23.30, 28.67, -0.87746, 0.10078, -0.22182, -0.41317
277, 15, 36.383, 27.086, -0.649, -404.66, 9.03, 928.53, -53.57, 14.64, 27.89, -0.87987, 0.10429, -0.20974, -0.41347
277, 17, 35.506, 26.606, -2.469, -404.42, -34.36, 881.16, -59.52, 13.56, 22.08, -0.88219, 0.11501, -0.20033, -0.41034
277, 15, 34.139, 27.166, -4.660, -443.30, -76.05, 844.67, -56.24, 11.86, 9.03, -0.88359, 0.13144, -0.19837, -0.40328
277, 16, 32.976, 28.557, -6.410, -519.96, -98.08, 813.11, -48.61, 4.87, 5.94, -0.88262, 0.14748, -0.20451, -0.39675
278, 7, 31.109, 24.412, 0.097, -448.30, 1.46, 1037.05, 9.07, -10.12, 10.92, -0.90336, 0.07999, -0.19571, -0.37315
278, 27, 31.147, 22.097, 0.858, -409.18, 8.30, 1072.69, 9.54, -7.32, 4.73, -0.90745, 0.06646, -0.17989, -0.37384
278, 16, 30.884, 21.746, 0.466, -414.79, -21.91, 1066.71, 8.95, -2.46, 1.85, -0.90861, 0.06801, -0.17599, -0.37260
278, 16, 30.417, 21.972, -0.298, -430.73, -60.18, 1046.69, 12.27, 1.59, -0.28, -0.90931, 0.07408, -0.17559, -0.36992
278, 15, 29.798, 22.544, -1.198, -447.45, -101.07, 1011.90, 19.75, 2.62, -1.44, -0.90977, 0.08210, -0.17767, -0.36607
278, 16, 29.418, 23.054, -1.410, -447.02, -96.07, 985.53, 33.98, 0.05, 2.66, -0.90999, 0.08480, -0.18133, -0.36310
278, 15, 29.235, 23.632, -1.034, -457.89, -78.19, 962.04, 43.69, -3.17, 3.59, -0.90988, 0.08332, -0.18725, -0.36071
278, 15, 29.343, 24.092, -0.022, -476.14, -41.38, 972.23, 48.41, -9.06, 4.43, -0.90947, 0.07690, -0.19401, -0.35960
278, 16, 29.977, 24.284, 2.208, -521.36, 81.91, 1020.45, 38.60, -20.97, -1.24, -0.90850, 0.06092, -0.20216, -0.36063
278, 15, 31.112, 23.871, 3.839, -543.46, 141.17, 1074.77, 12.32, -36.70, -3.44, -0.90633, 0.04866, -0.20354, -0.36710
278, 16, 31.752, 20.610, 3.484, -360.72, 112.49, 1259.09, -21.09, -44.53, -1.56, -0.90884, 0.04164, -0.17644, -0.37569
278, 16, 31.699, 17.042, 1.326, -130.86, -10.13, 1292.05, -40.80, -17.20, -7.28, -0.91263, 0.04674, -0.14106, -0.38083
278, 15, 31.423, 20.494, -1.113, -690.86, -17.64, 975.52, -64.83, -3.87, -14.08, -0.90770, 0.07722, -0.16054, -0.37992
278, 15, 31.342, 22.736, -3.209, -827.64, 22.40, 992.07, -82.05, -50.30, -11.83, -0.90282, 0.10098, -0.17140, -0.38125
278, 16, 31.692, 22.492, -6.013, -627.87, -78.98, 1005.25, -97.03, -81.25, 11.08, -0.89932, 0.12274, -0.15972, -0.38813
278, 15, 31.833, 19.092, -9.862, -365.97, -206.97, 1016.48, -98.58, -90.70, 22.78, -0.90010, 0.14220, -0.11943, -0.39414
278, 16, 32.854, 14.992, -11.966, -173.40, -252.38, 1050.78, -68.52, -65.25, 49.40, -0.90007, 0.14628, -0.07822, -0.40294
278, 15, 32.877, 11.354, -12.352, -116.33, -232.97, 1072.51, -31.54, -37.12, 24.41, -0.90416, 0.13726, -0.04789, -0.40171
278, 16, 32.959, 10.530, -10.294, -217.77, -118.23, 1159.36, -4.89, -14.62, 16.17, -0.90707, 0.11826, -0.04844, -0.40111
278, 16, 33.210, 11.307, -5.168, -310.30, 247.25, 1118.41, 24.81, -2.18, -2.37, -0.90986, 0.08040, -0.07235, -0.40056
278, 15, 32.833, 12.444, -1.200, -357.85, 291.02, 1083.74, 10.88, -3.63, -31.33, -0.91242, 0.05246, -0.09541, -0.39450
278, 15, 32.710, 11.327, 0.501, -149.90, 119.63, 1127.50, -0.17, 2.75, -18.09, -0.91443, 0.03497, -0.09238, -0.39249
278, 16, 32.801, 9.800, 0.347, -31.25, -52.19, 1177.37, 22.31, 26.07, 0.76, -0.91519, 0.03101, -0.07964, -0.39387
278, 15, 31.710, 9.301, 0.215, -15.63, -138.98, 1179.08, 62.35, 51.27, -36.39, -0.91919, 0.02964, -0.07549, -0.38537
278, 15, 30.459, 11.117, -0.234, -161.44, -242.80, 1133.73, 91.51, 68.55, -39.96, -0.92190, 0.03838, -0.08896, -0.37511
278, 16, 29.173, 15.870, -1.162, -427.49, -368.47, 933.59, 111.42, 68.86, -27.18, -0.92104, 0.05991, -0.12477, -0.36406
278, 16, 29.249, 19.231, 1.706, -547.73, -35.89, 1157.29, 112.28, 39.94, -14.22, -0.91800, 0.04762, -0.16075, -0.35939
278, 16, 30.191, 21.924, 4.686, -679.26, 75.99, 1115.66, 89.87, 3.98, 4.10, -0.91245, 0.03395, -0.19120, -0.36019
278, 15, 31.246, 19.985, 8.384, -427.86, 354.13, 1318.18, 54.83, -36.99, -12.65, -0.91214, -0.00021, -0.18743, -0.36452
278, 15, 30.133, 18.959, 6.355, -410.71, 25.09, 1120.85, 10.62, -45.86, -39.17, -0.91675, 0.01080, -0.17295, -0.35992
278, 16, 29.428, 19.572, 3.043, -574.34, -125.43, 1037.90, -17.47, -56.05, -16.86, -0.91750, 0.03826, -0.16760, -0.35867
278, 15, 29.489, 19.081, 0.624, -528.26, -27.71, 1019.65, -43.36, -82.86, -7.16, -0.91695, 0.05614, -0.15604, -0.36290
278, 15, 29.737, 16.470, -2.232, -350.71, -38.64, 1028.63, -67.86, -92.70, -4.59, -0.91790, 0.07101, -0.12584, -0.36956
278, 16, 31.222, 14.482, -5.150, -334.84, -62.01, 1022.03, -86.88, -88.89, 19.83, -0.91335, 0.08938, -0.09926, -0.38466
278, 17, 32.781, 14.219, -7.754, -400.76, -104.61, 948.43, -93.64, -82.95, 38.68, -0.90605, 0.11045, -0.08689, -0.39914
278, 15, 33.898, 13.407, -9.998, -395.32, -159.73, 1058.53, -86.89, -86.16, 34.45, -0.90079, 0.12617, -0.07137, -0.40934
278, 16, 35.040, 9.540, -11.425, -142.76, -187.56, 1096.44, -72.11, -78.21, 41.11, -0.89946, 0.12452, -0.03433, -0.41748
278, 15, 35.753, 5.739, -12.674, -20.51, -267.70, 1194.09, -47.75, -58.32, 32.33, -0.89896, 0.12094, 0.00102, -0.42101
278, 16, 36.358, 3.275, -11.402, 7.75, -145.45, 1209.53, -16.20, -32.22, 27.08, -0.89967, 0.10199, 0.01634, -0.42417
278, 15, 36.889, 3.338, -7.459, -100.71, 135.19, 1167.42, 6.86, -8.77, 20.57, -0.90064, 0.07120, 0.00157, -0.42868
278, 14, 37.106, 2.706, -5.347, -22.77, 32.35, 1250.49, -4.75, -1.20, 10.36, -0.90123, 0.05225, -0.00126, -0.43018
278, 16, 37.123, 0.395, -4.642, 264.77, -95.15, 1430.30, 11.24, 23.88, 4.40, -0.90207, 0.03804, 0.01430, -0.42967
278, 16, 37.155, -0.484, -2.609, 339.11, -13.73, 1480.96, 43.42, 67.46, 2.17, -0.90255, 0.01874, 0.01360, -0.42996
278, 15, 36.618, 0.748, 0.685, 233.28, 120.36, 1379.70, 61.03, 112.59, -24.80, -0.90474, -0.00263, -0.00845, -0.42587
278, 16, 36.622, 4.626, 4.393, 17.33, 219.06, 1294.80, 59.56, 143.95, -22.82, -0.90400, -0.01747, -0.05280, -0.42389
278, 15, 36.766, 10.518, 6.542, -215.33, 163.15, 1226.20, 51.60, 156.45, -26.23, -0.90117, -0.01229, -0.10701, -0.41987
278, 15, 36.985, 16.616, 7.531, -380.98, 90.27, 1135.68, 51.32, 146.65, -14.60, -0.89605, 0.00312, -0.15812, -0.41483
278, 16, 37.167, 22.047, 7.972, -492.25, 5.25, 1042.91, 63.08, 123.66, 2.84, -0.88963, 0.02048, -0.20154, -0.40930
278, 15, 36.974, 26.656, 8.555, -560.24, -32.96, 922.42, 81.98, 93.54, 6.13, -0.88402, 0.03299, -0.23880, -0.40049
278, 16, 36.006, 29.495, 10.112, -505.07, 44.19, 871.58, 99.33, 62.55, -4.21, -0.88318, 0.02947, -0.26588, -0.38528
279, 7, 35.089, 28.972, 4.064, -493.35, 88.50, 1026.55, -3.84, 6.02, 15.56, -0.88454, 0.07220, -0.24178, -0.39233
279, 27, 36.040, 27.212, 4.711, -464.42, 100.89, 1026.31, -5.98, 11.20, 5.87, -0.88478, 0.06281, -0.22999, -0.40041
279, 15, 35.996, 26.771, 4.711, -473.75, 91.25, 1020.02, -2.96, 10.60, -4.00, -0.88568, 0.06111, -0.22664, -0.40059
279, 15, 35.520, 26.576, 4.478, -484.01, 75.74, 1019.47, 3.54, 7.94, -13.92, -0.88754, 0.06127, -0.22459, -0.39759
279, 16, 35.282, 26.140, 4.892, -483.83, 100.65, 1042.30, 10.64, 2.72, -15.30, -0.88930, 0.05603, -0.22279, -0.39544
279, 15, 35.714, 25.402, 6.260, -468.08, 157.59, 1050.60, 13.94, -2.17, -10.67, -0.88958, 0.04357, -0.22167, -0.39701
279, 17, 36.443, 24.808, 7.880, -465.03, 205.69, 1038.39, 12.21, -5.88, -4.10, -0.88845, 0.03022, -0.22251, -0.40029
279, 15, 37.366, 24.363, 9.524, -460.27, 240.72, 1000.73, 6.20, -9.35, 2.46, -0.88617, 0.01761, -0.22470, -0.40484
279, 15, 37.758, 22.629, 10.222, -425.66, 278.50, 1210.57, -5.59, -11.25, -5.10, -0.88707, 0.00632, -0.21395, -0.40901
279, 16, 37.027, 20.960, 8.205, -369.45, 110.05, 1226.07, -17.30, -6.49, -12.76, -0.89147, 0.01432, -0.19406, -0.40915
279, 15, 35.914, 20.096, 5.136, -326.78, -67.50, 1175.35, -9.94, 9.03, -12.83, -0.89583, 0.03323, -0.17670, -0.40640
279, 15, 34.776, 21.358, 3.510, -451.97, -17.27, 1078.31, 6.02, 17.94, -27.27, -0.89762, 0.04876, -0.18120, -0.39884
279, 16, 32.629, 24.388, 3.699, -856.38, 277.22, 1198.43, -11.49, 4.50, -98.91, -0.90052, 0.05422, -0.20646, -0.37881
279, 15, 31.067, 26.089, 3.573, -1052.67, 531.19, 1172.42, -70.23, -55.72, -100.71, -0.90272, 0.05802, -0.22011, -0.36508
279, 16, 30.409, 25.832, 1.732, -859.50, 436.16, 943.54, -138.39, -111.60, -82.31, -0.90423, 0.07046, -0.21261, -0.36360
279, 17, 30.199, 24.834, -2.909, -632.02, 111.57, 714.48, -180.90, -142.56, -41.89, -0.90316, 0.10351, -0.19002, -0.37078
279, 15, 30.484, 19.399, -10.720, -294.86, -248.17, 859.38, -185.41, -145.52, 17.45, -0.90309, 0.14851, -0.12067, -0.38447
279, 16, 32.074, 12.948, -17.314, -6.77, -511.78, 993.65, -148.32, -115.01, 63.43, -0.89802, 0.18118, -0.04437, -0.39845
279, 15, 33.535, 7.882, -20.551, 97.72, -518.80, 1091.49, -84.54, -69.91, 63.18, -0.89415, 0.19014, 0.00950, -0.40528
279, 15, 32.824, 6.841, -20.701, -184.27, -453.92, 1155.52, -15.24, -31.59, 8.88, -0.89757, 0.18793, 0.01707, -0.39845
279, 16, 31.348, 7.492, -12.881, -330.93, 298.95, 1099.91, 40.99, -16.02, -51.54, -0.91278, 0.12828, -0.01698, -0.38741
279, 16, 33.542, 9.386, -7.226, -373.23, 312.87, 1104.00, 10.39, -12.54, 58.65, -0.90891, 0.09031, -0.04957, -0.40406
279, 15, 34.994, 7.885, -5.180, -69.27, -66.04, 1129.64, 21.42, 1.12, 58.87, -0.90634, 0.06943, -0.04393, -0.41449
279, 16, 35.169, 6.374, -3.582, 8.00, -114.69, 1153.99, 54.50, 22.51, 22.72, -0.90750, 0.05143, -0.03764, -0.41519
279, 15, 34.550, 6.475, -3.218, -31.01, -271.36, 1121.95, 92.32, 44.78, -0.57, -0.90984, 0.04869, -0.04002, -0.41015
279, 14, 34.661, 9.071, -0.974, -186.40, -128.23, 1032.65, 114.36, 57.62, 17.48, -0.90874, 0.04018, -0.06863, -0.40972
279, 16, 34.588, 12.356, 3.910, -315.98, 90.88, 1087.52, 125.34, 56.93, -7.76, -0.90784, 0.01314, -0.11201, -0.40386
279, 15, 33.977, 15.330, 7.673, -366.58, 109.92, 1092.41, 124.36, 46.94, -31.66, -0.90775, -0.00674, -0.14853, -0.39228
279, 16, 34.328, 18.756, 10.498, -494.57, 138.18, 1052.73, 100.63, 33.45, -21.18, -0.90319, -0.01625, -0.18497, -0.38701
279, 17, 34.514, 20.021, 11.694, -480.04, 185.00, 1174.07, 63.61, 9.41, -23.43, -0.90111, -0.02077, -0.19883, -0.38476
279, 15, 33.298, 21.547, 10.175, -566.10, 34.42, 1126.89, 37.46, -9.02, -44.43, -0.90364, -0.00547, -0.20549, -0.37575
279, 16, 31.927, 21.438, 8.100, -552.55, 54.38, 1176.76, 11.93, -45.04, -51.87, -0.90820, 0.00814, -0.19791, -0.36870
279, 15, 31.239, 21.246, 6.447, -590.45, 125.18, 1168.33, -18.68, -59.50, -47.46, -0.91045, 0.01944, -0.19119, -0.36626
279, 15, 31.938, 22.910, 5.503, -879.58, 225.65, 961.30, -57.87, -79.89, -13.66, -0.90571, 0.03374, -0.20106, -0.37166
279, 16, 33.249, 20.922, 3.122, -618.96, 145.87, 968.38, -105.34, -142.68, 18.56, -0.90329, 0.04788, -0.17710, -0.38782
279, 15, 34.440, 14.371, -1.689, -140.32, -50.29, 872.80, -127.42, -139.04, 39.03, -0.90467, 0.06446, -0.10817, -0.40708
279, 15, 35.495, 7.392, -8.929, 144.78, -410.03, 968.87, -116.52, -95.35, 49.64, -0.90216, 0.09740, -0.02602, -0.41946
279, 17, 36.430, 3.895, -13.095, 105.90, -449.28, 1110.05, -65.82, -39.12, 45.36, -0.89739, 0.11752, 0.01780, -0.42494
279, 15, 36.604, 4.370, -12.934, -121.34, -264.77, 1172.24, -11.72, -1.67, 30.78, -0.89657, 0.11797, 0.01364, -0.42668
279, 16, 37.026, 6.957, -9.568, -344.30, -16.85, 1119.75, 24.79, 2.46, 25.44, -0.89626, 0.10114, -0.01889, -0.43143
279, 15, 38.105, 7.930, -6.378, -221.98, -54.38, 1141.05, 38.29, -0.56, 50.77, -0.89393, 0.08011, -0.03779, -0.43936
279, 15, 39.745, 8.301, -2.646, -199.83, 58.72, 1306.40, 39.76, 8.62, 68.10, -0.88947, 0.05315, -0.05423, -0.45064
279, 16, 41.679, 5.648, -1.498, 220.28, -101.99, 1269.96, 36.03, 37.43, 91.78, -0.88362, 0.03448, -0.03753, -0.46542
279, 15, 42.783, 5.644, -0.885, 148.56, -169.68, 1369.75, 49.70, 98.47, 72.31, -0.87927, 0.03013, -0.03970, -0.47371
279, 15, 42.207, 10.238, 0.327, -180.42, -72.75, 1270.45, 58.01, 136.37, 18.14, -0.87951, 0.03938, -0.08011, -0.46743
279, 17, 41.681, 16.899, 1.769, -511.90, -12.51, 1159.61, 50.39, 139.50, 8.95, -0.87641, 0.05487, -0.13714, -0.45835
279, 15, 42.394, 23.126, 4.200, -687.93, 146.36, 1065.49, 29.73, 114.98, 33.20, -0.86713, 0.06267, -0.19361, -0.45461
279, 15, 43.216, 27.387, 5.837, -702.33, 155.58, 1052.73, 4.74, 77.48, 38.92, -0.85842, 0.06937, -0.23137, -0.45252
279, 16, 43.413, 28.922, 6.120, -577.09, 108.52, 1031.19, -15.86, 42.72, 39.07, -0.85529, 0.07401, -0.24367, -0.45126
279, 15, 43.128, 27.907, 4.829, -428.96, 33.87, 1020.75, -29.78, 27.16, 42.47, -0.85726, 0.07888, -0.23128, -0.45320
280, 7, 36.227, 19.346, 5.445, -367.68, 102.23, 1105.04, 42.23, 10.52, -1.18, -0.89569, 0.02854, -0.17189, -0.40912
280, 27, 35.475, 21.114, 7.500, -419.62, 95.28, 1038.39, 49.97, 11.10, -11.12, -0.89666, 0.01777, -0.19298, -0.39805
280, 15, 35.144, 22.488, 8.302, -483.40, 90.09, 981.87, 51.70, 2.12, -9.70, -0.89620, 0.01594, -0.20641, -0.39238
280, 16, 34.875, 23.743, 9.060, -529.85, 101.26, 934.02, 48.69, -14.85, -9.31, -0.89556, 0.01409, -0.21870, -0.38723
280, 15, 35.684, 22.257, 10.142, -465.27, 189.27, 1113.59, 35.03, -37.93, -2.54, -0.89478, 0.00170, -0.21091, -0.39356
280, 16, 34.911, 18.201, 7.082, -41.56, -138.85, 1442.50, 9.01, -13.99, -11.10, -0.90185, 0.00954, -0.16897, -0.39753
280, 16, 34.790, 17.520, 4.579, -225.77, -156.56, 1167.05, 22.83, 24.20, 2.24, -0.90259, 0.02663, -0.15494, -0.40077
280, 15, 35.007, 21.080, 4.554, -590.09, -5.19, 1001.77, 33.41, 29.43, -3.48, -0.89759, 0.03995, -0.18258, -0.39925
280, 15, 34.735, 24.167, 5.855, -839.54, 250.49, 1195.56, 17.30, 9.45, -41.05, -0.89467, 0.04040, -0.21112, -0.39162
280, 16, 35.219, 25.774, 7.603, -913.70, 499.39, 1123.05, -24.64, -37.93, -39.08, -0.89116, 0.03351, -0.22930, -0.39005
280, 15, 35.655, 25.277, 7.470, -715.15, 437.87, 1019.35, -83.92, -78.35, -35.35, -0.89038, 0.03359, -0.22490, -0.39436
280, 15, 35.764, 24.606, 3.886, -684.33, 201.29, 865.72, -146.84, -115.07, -13.98, -0.88958, 0.05919, -0.20723, -0.40274
280, 17, 34.813, 19.353, -3.602, -284.61, -122.56, 895.87, -158.74, -117.42, 7.42, -0.89577, 0.09738, -0.14036, -0.41037
280, 16, 34.740, 12.654, -10.332, 84.05, -403.26, 1048.95, -136.80, -84.50, 29.53, -0.89831, 0.12670, -0.06327, -0.41592
280, 16, 34.918, 8.714, -13.702, -10.44, -301.03, 1102.78, -96.06, -41.30, 25.19, -0.89812, 0.13947, -0.01965, -0.41658
280, 15, 35.086, 7.512, -13.184, -146.12, -142.46, 1167.54, -58.68, -20.86, 17.20, -0.89930, 0.13121, -0.01184, -0.41701
280, 15, 35.430, 6.561, -11.234, -115.60, -75.87, 1214.11, -23.54, -11.89, 19.81, -0.90094, 0.11256, -0.01107, -0.41894
280, 16, 36.042, 6.443, -6.500, -133.00, 256.16, 1168.82, 3.40, -2.59, 16.81, -0.90266, 0.07497, -0.02703, -0.42292
280, 15, 35.967, 7.108, -1.843, -195.43, 436.77, 1121.09, -10.10, 4.75, -15.35, -0.90488, 0.04064, -0.04947, -0.42081
280, 15, 35.283, 6.701, -2.427, -107.73, -33.26, 1158.33, -19.75, 7.26, -24.14, -0.90739, 0.04350, -0.04437, -0.41568
280, 15, 34.287, 4.798, -4.485, 126.40, -279.97, 1221.98, 11.31, 27.29, -24.08, -0.91107, 0.05275, -0.02227, -0.40826
280, 16, 33.026, 5.017, -5.332, 91.13, -394.35, 1192.38, 75.78, 71.72, -33.68, -0.91498, 0.06002, -0.02165, -0.39841
280, 15, 33.037, 7.750, -5.198, -96.13, -398.74, 1057.62, 118.28, 92.97, 12.64, -0.91337, 0.06835, -0.04397, -0.39894
280, 16, 33.571, 13.177, -0.741, -389.77, -58.65, 1042.05, 142.15, 93.86, 16.02, -0.90940, 0.05198, -0.10249, -0.39974
280, 15, 34.591, 17.047, 6.023, -461.73, 291.08, 1153.75, 134.93, 75.98, 1.05, -0.90402, 0.01327, -0.15630, -0.39766
280, 16, 35.577, 20.710, 11.212, -595.21, 395.81, 1096.19, 93.25, 53.56, -13.63, -0.89685, -0.01259, -0.20267, -0.39297
280, 15, 35.006, 23.730, 12.170, -650.57, 250.43, 1087.46, 36.82, 23.47, -43.24, -0.89519, -0.01001, -0.22905, -0.38219
280, 15, 32.434, 25.636, 7.788, -647.58, -117.00, 1100.89, -5.46, 2.91, -54.43, -0.90063, 0.02600, -0.22957, -0.36808
280, 16, 29.536, 27.204, 2.003, -727.84, -299.62, 1034.00, -16.98, -20.93, -51.71, -0.90465, 0.07103, -0.22480, -0.35500
280, 16, 27.381, 27.176, -2.492, -698.61, -274.96, 1067.20, -18.80, -45.84, -48.13, -0.90790, 0.10239, -0.21245, -0.34655
280, 16, 26.527, 25.706, -5.624, -609.99, -210.27, 1098.57, -24.40, -66.37, -31.43, -0.91033, 0.12149, -0.19207, -0.34591
280, 16, 27.280, 25.135, -6.332, -659.55, -28.81, 985.72, -44.57, -85.72, -18.80, -0.90838, 0.12670, -0.18453, -0.35319
280, 15, 29.132, 23.896, -5.853, -595.03, 131.65, 870.73, -79.80, -114.81, -6.41, -0.90542, 0.12215, -0.17413, -0.36739
280, 15, 31.447, 18.520, -6.137, -213.81, 93.69, 913.02, -112.60, -115.47, 20.41, -0.90640, 0.11058, -0.12800, -0.38707
280, 16, 33.024, 13.282, -9.041, -100.65, -76.72, 965.03, -129.71, -89.04, 34.09, -0.90506, 0.11765, -0.07469, -0.40181
280, 15, 33.765, 9.689, -13.733, -101.62, -275.27, 1028.75, -129.43, -64.00, 31.17, -0.90120, 0.14282, -0.02869, -0.40818
280, 16, 33.876, 7.231, -18.592, -119.26, -455.51, 1070.92, -107.00, -43.42, 31.37, -0.89677, 0.17261, 0.00823, -0.40737
280, 16, 33.703, 5.584, -20.266, -138.00, -441.41, 1206.67, -72.10, -30.81, 29.62, -0.89650, 0.18016, 0.02689, -0.40386
280, 15, 33.609, 4.244, -19.801, -98.27, -406.68, 1229.49, -33.71, -20.42, 27.30, -0.89882, 0.17199, 0.03568, -0.40159
280, 16, 34.190, 4.287, -17.020, -127.44, -264.40, 1247.86, 8.20, -7.93, 41.57, -0.90064, 0.15014, 0.02634, -0.40695
280, 15, 35.017, 4.365, -11.760, -111.27, 126.65, 1160.83, 18.62, -4.57, 36.50, -0.90356, 0.10887, 0.00780, -0.41432
280, 15, 35.964, 3.418, -10.189, -31.86, -243.84, 1285.89, 30.69, 1.45, 51.32, -0.90208, 0.09302, 0.01040, -0.42131
280, 16, 37.413, 1.514, -8.216, 236.82, -292.42, 1386.05, 73.10, 28.23, 68.92, -0.89898, 0.07029, 0.01908, -0.43189
280, 15, 37.669, 0.825, -3.477, 250.73, -77.76, 1417.42, 116.64, 66.96, 19.30, -0.90028, 0.03045, 0.00669, -0.43419
280, 16, 37.983, 2.317, 2.158, 123.47, 100.46, 1304.87, 135.77, 102.80, 6.42, -0.89944, -0.00811, -0.02641, -0.43616
280, 16, 38.761, 7.025, 7.849, -165.10, 224.98, 1197.14, 133.01, 120.23, 2.60, -0.89471, -0.03419, -0.08505, -0.43714
280, 15, 39.435, 12.576, 12.201, -342.29, 220.58, 1101.56, 125.61, 117.35, -8.03, -0.88882, -0.04564, -0.14470, -0.43241
280, 16, 40.201, 17.901, 15.253, -466.86, 173.83, 1032.29, 119.00, 101.91, 1.66, -0.88174, -0.04680, -0.19691, -0.42610
280, 15, 40.760, 21.859, 17.734, -493.65, 168.21, 975.34, 117.61, 74.34, 7.51, -0.87562, -0.04865, -0.23587, -0.41868
280, 15, 40.543, 24.338, 19.151, -468.14, 127.56, 929.63, 120.52, 49.45, 1.34, -0.87355, -0.04974, -0.25918, -0.40898
280, 16, 40.562, 25.635, 20.801, -454.41, 159.61, 880.43, 122.52, 26.77, 11.71, -0.87145, -0.05692, -0.27451, -0.40247
281, 8, 43.447, 22.954, 10.359, -429.44, 158.63, 1002.81, -21.57, 10.63, -13.88, -0.86533, 0.01727, -0.21633, -0.45179
281, 26, 42.381, 22.648, 9.472, -400.70, 177.73, 983.76, -8.96, 0.79, -21.92, -0.86971, 0.02072, -0.21076, -0.44582
281, 16, 42.140, 22.099, 9.997, -377.20, 222.29, 976.81, -3.01, -4.98, -24.17, -0.87136, 0.01402, -0.20873, -0.44382
281, 15, 41.889, 20.856, 10.798, -326.23, 254.21, 987.49, -0.14, -10.83, -29.21, -0.87371, 0.00234, -0.20256, -0.44226
281, 16, 41.927, 19.393, 11.810, -289.25, 294.80, 1011.41, -2.42, -10.09, -24.71, -0.87491, -0.01135, -0.19550, -0.44293
281, 15, 41.875, 18.326, 12.961, -298.58, 334.78, 1023.62, -9.41, -7.17, -21.16, -0.87581, -0.02465, -0.19195, -0.44217
281, 16, 41.803, 17.594, 13.309, -306.40, 320.37, 1024.96, -21.14, -9.04, -19.45, -0.87654, -0.03045, -0.18778, -0.44214
281, 16, 41.339, 16.737, 12.616, -294.80, 270.26, 1060.85, -25.84, -11.27, -25.02, -0.87910, -0.02941, -0.17854, -0.44095
281, 15, 40.263, 15.766, 10.445, -294.86, 181.27, 1180.42, -26.70, -13.59, -34.17, -0.88435, -0.01824, -0.16263, -0.43720
281, 15, 39.164, 14.320, 7.994, -228.88, 122.68, 1359.92, -26.91, -2.73, -38.02, -0.88981, -0.00646, -0.14213, -0.43359
281, 17, 38.127, 14.495, 5.304, -284.18, 15.32, 1267.94, -19.30, 14.40, -36.77, -0.89349, 0.01391, -0.13340, -0.42859
281, 15, 36.900, 16.293, 3.151, -488.95, -32.41, 1426.82, -8.10, 20.23, -44.16, -0.89592, 0.03605, -0.13966, -0.42015
281, 15, 35.260, 17.536, -0.060, -415.04, -220.09, 1106.32, 5.17, 8.08, -41.63, -0.89908, 0.06375, -0.13847, -0.41039
281, 16, 34.358, 20.289, 1.876, -660.10, 242.98, 1228.76, 8.61, 12.97, -58.28, -0.89977, 0.05714, -0.16736, -0.39893
281, 16, 32.508, 22.933, 4.279, -897.28, 760.38, 1057.68, -41.32, -21.14, -133.62, -0.90339, 0.04448, -0.19704, -0.37827
281, 16, 32.118, 23.060, 2.763, -737.79, 487.49, 1096.50, -136.41, -69.80, -79.77, -0.90382, 0.05620, -0.19321, -0.37765
281, 15, 33.868, 23.662, 0.184, -717.77, 339.72, 802.25, -192.33, -96.05, -4.38, -0.89542, 0.08141, -0.18818, -0.39520
281, 15, 34.327, 18.356, -7.933, -216.80, -225.40, 912.72, -195.85, -114.26, 31.17, -0.89475, 0.12723, -0.11745, -0.41164
281, 16, 35.497, 12.842, -15.236, 22.64, -561.71, 1059.08, -149.04, -78.94, 65.38, -0.88903, 0.16596, -0.04580, -0.42425
281, 15, 36.823, 8.539, -17.655, 80.57, -412.05, 1160.10, -79.35, -40.95, 63.59, -0.88592, 0.16980, -0.00108, -0.43163
281, 15, 36.803, 5.827, -14.417, 3.11, -69.70, 1181.58, -18.91, -15.75, 23.01, -0.89304, 0.13485, 0.00797, -0.42922
281, 17, 36.520, 6.103, -8.943, -207.03, 281.43, 1205.93, 7.12, -3.91, -0.82, -0.89932, 0.09303, -0.01494, -0.42701
281, 15, 36.607, 4.783, -4.974, -33.57, 267.27, 1150.88, -13.85, -11.89, 4.75, -0.90239, 0.05698, -0.01926, -0.42670
281, 15, 35.823, 2.840, -6.870, 106.93, -317.14, 1175.78, 6.42, 9.73, -11.67, -0.90516, 0.06475, 0.00268, -0.42010
281, 15, 35.858, 2.818, -7.542, 52.25, -412.41, 1222.41, 63.12, 40.00, 16.92, -0.90465, 0.06998, 0.00534, -0.42035
281, 15, 35.081, 5.130, -6.162, -144.59, -355.41, 1120.30, 127.85, 51.76, -7.94, -0.90717, 0.06737, -0.01847, -0.41493
281, 16, 34.670, 9.011, -1.334, -330.87, -133.73, 1036.01, 178.66, 41.91, -7.13, -0.90861, 0.04283, -0.06686, -0.41002
281, 15, 35.661, 12.257, 5.415, -415.04, 118.04, 1014.65, 179.26, 19.11, 19.92, -0.90420, 0.00195, -0.11651, -0.41091
281, 15, 38.385, 13.424, 13.183, -379.39, 376.89, 1053.53, 151.97, -5.14, 42.06, -0.89194, -0.05132, -0.15442, -0.42187
281, 18, 40.920, 13.176, 18.861, -374.21, 546.81, 1128.60, 99.31, -20.98, 51.51, -0.87899, -0.09255, -0.17532, -0.43368
281, 15, 41.792, 11.620, 20.816, -269.90, 498.96, 1242.19, 40.15, -34.26, 19.41, -0.87412, -0.11256, -0.17189, -0.44012
281, 15, 40.094, 12.303, 18.392, -338.44, 249.82, 1168.95, -0.80, -30.91, -49.84, -0.88266, -0.09371, -0.16630, -0.42950
281, 16, 37.844, 14.322, 14.968, -483.34, 173.71, 1173.46, -29.63, -28.18, -75.57, -0.89259, -0.06249, -0.16754, -0.41388
281, 15, 35.717, 16.444, 10.967, -612.00, 113.46, 1147.83, -54.23, -43.90, -73.23, -0.90036, -0.02627, -0.16887, -0.40019
281, 15, 34.764, 19.065, 9.014, -810.91, 317.63, 911.56, -86.18, -73.48, -59.63, -0.90152, -0.00274, -0.18236, -0.39244
281, 16, 34.678, 16.241, 4.189, -389.34, 111.33, 1050.23, -129.82, -117.38, -16.75, -0.90421, 0.02497, -0.14357, -0.40145
281, 15, 35.480, 11.346, -2.850, -93.81, -158.63, 1049.44, -139.76, -84.22, 26.83, -0.90319, 0.06369, -0.07951, -0.41698
281, 17, 36.074, 10.047, -8.457, -212.28, -171.02, 943.66, -139.13, -58.83, 21.71, -0.89811, 0.10342, -0.04821, -0.42472
281, 15, 36.613, 7.979, -13.630, -133.12, -324.34, 1026.25, -117.78, -49.34, 30.13, -0.89269, 0.13653, -0.01209, -0.42932
281, 15, 37.105, 6.423, -17.381, -113.10, -465.15, 1150.57, -77.06, -31.34, 37.99, -0.88754, 0.16002, 0.01483, -0.43180
281, 16, 37.291, 6.274, -17.181, -185.67, -327.82, 1192.20, -36.24, -22.66, 30.20, -0.88726, 0.15790, 0.01550, -0.43312
281, 15, 37.789, 5.225, -14.618, -102.05, -182.25, 1178.22, 2.20, -20.93, 29.10, -0.88959, 0.13410, 0.01460, -0.43638
281, 15, 38.456, 4.556, -10.447, -96.44, -11.17, 1183.47, 31.11, -17.88, 27.11, -0.89178, 0.09910, 0.00452, -0.44145
281, 16, 38.899, 3.546, -5.712, -42.85, 160.83, 1158.26, 33.66, -17.11, 13.15, -0.89388, 0.05834, -0.00559, -0.44446
281, 15, 39.785, 0.048, -5.789, 296.88, -213.99, 1219.97, 26.11, 1.53, 28.63, -0.89150, 0.04526, 0.02239, -0.45020
281, 16, 41.283, -0.271, -6.056, 260.07, -325.74, 1323.91, 50.28, 65.30, 55.92, -0.88549, 0.04575, 0.02652, -0.46163
281, 16, 42.020, 4.445, -3.678, -226.93, -78.19, 1340.39, 58.29, 86.65, 38.27, -0.88198, 0.04648, -0.01924, -0.46859
281, 15, 42.658, 9.387, -0.805, -433.53, 91.13, 1248.41, 39.08, 74.98, 34.10, -0.87782, 0.04487, -0.06878, -0.47191
281, 16, 43.012, 13.330, 0.447, -487.73, 51.21, 1195.50, 8.98, 51.43, 31.14, -0.87386, 0.05180, -0.10393, -0.47210
281, 15, 42.748, 14.805, -0.723, -362.79, -99.12, 1203.37, -9.53, 30.40, 34.93, -0.87295, 0.06653, -0.11050, -0.47045
281, 15, 42.916, 14.341, -2.275, -248.96, -152.77, 1202.21, -17.27, 23.25, 55.48, -0.87177, 0.07661, -0.10047, -0.47335
281, 16, 42.662, 13.275, -3.647, -176.70, -173.77, 1171.57, -13.60, 24.80, 42.08, -0.87296, 0.08250, -0.08684, -0.47286
281, 15, 41.455, 12.589, -4.742, -174.99, -174.19, 1108.34, -2.58, 31.67, 18.72, -0.87778, 0.08723, -0.07799, -0.46455
281, 16, 40.695, 13.349, -3.456, -243.84, -42.79, 1047.12, 4.47, 34.48, 14.37, -0.88101, 0.07982, -0.08957, -0.45764
282, 8, 40.901, 14.934, 5.673, -343.44, 119.45, 1104.31, 50.98, 12.79, 0.75, -0.88255, 0.01606, -0.13783, -0.44927
282, 27, 40.823, 13.411, 7.469, -237.61, 95.83, 1150.76, 47.14, 3.30, 4.76, -0.88406, -0.00401, -0.13321, -0.44797
282, 15, 40.911, 13.261, 7.908, -248.23, 78.92, 1146.30, 50.47, 7.70, 8.16, -0.88379, -0.00790, -0.13378, -0.44828
282, 16, 41.543, 14.110, 9.173, -316.16, 134.52, 1153.50, 52.95, 9.11, 10.79, -0.88067, -0.01343, -0.14528, -0.45071
282, 16, 42.200, 14.894, 10.575, -366.64, 190.98, 1172.55, 46.07, 0.29, 13.45, -0.87738, -0.02009, -0.15685, -0.45299
282, 16, 42.590, 15.189, 11.512, -371.77, 206.48, 1184.20, 38.00, -10.77, 10.00, -0.87547, -0.02549, -0.16287, -0.45428
282, 15, 42.501, 14.429, 11.090, -308.17, 133.24, 1184.51, 34.03, -20.40, 7.00, -0.87636, -0.02555, -0.15544, -0.45516
282, 15, 42.286, 13.540, 10.484, -276.55, 102.05, 1144.29, 35.73, -24.27, 4.04, -0.87784, -0.02489, -0.14626, -0.45540
282, 16, 42.137, 13.089, 10.433, -284.18, 127.69, 1094.12, 37.13, -26.89, 0.50, -0.87867, -0.02655, -0.14261, -0.45485
282, 15, 42.143, 12.728, 11.348, -286.87, 215.45, 1087.65, 28.37, -29.57, -5.23, -0.87858, -0.03505, -0.14350, -0.45418
282, 15, 41.963, 11.574, 11.449, -229.98, 241.09, 1164.00, 5.44, -28.05, -13.75, -0.87973, -0.04080, -0.13509, -0.45405
282, 16, 41.461, 9.410, 8.309, -96.01, 60.55, 1524.11, -24.22, -17.93, -22.23, -0.88341, -0.02603, -0.10596, -0.45573
282, 16, 41.518, 10.716, 9.399, -302.55, 461.73, 1157.96, -48.62, 4.93, -34.91, -0.88244, -0.02905, -0.12029, -0.45385
282, 15, 41.138, 13.953, 8.891, -551.03, 501.40, 993.29, -109.02, -2.72, -51.46, -0.88238, -0.01240, -0.14293, -0.44812
282, 16, 40.759, 15.761, 4.070, -484.38, 190.25, 978.70, -174.29, -30.17, -28.24, -0.88206, 0.03154, -0.13790, -0.44939
282, 15, 39.973, 15.954, -4.067, -364.38, -183.53, 934.14, -176.49, -33.34, -3.51, -0.88049, 0.09406, -0.10781, -0.45196
282, 15, 39.601, 14.258, -11.596, -225.89, -414.67, 1055.85, -151.28, -27.27, 22.52, -0.87629, 0.14503, -0.06526, -0.45477
282, 16, 39.582, 11.905, -16.244, -128.11, -375.85, 1052.37, -114.33, -17.01, 30.33, -0.87313, 0.17166, -0.02860, -0.45537
282, 15, 38.509, 9.463, -17.604, -132.39, -345.03, 1149.05, -74.70, -4.80, 19.23, -0.87845, 0.17281, -0.00595, -0.44545
282, 17, 38.012, 8.779, -16.361, -200.81, -251.22, 1246.28, -41.31, 0.98, 21.80, -0.88299, 0.16071, -0.00616, -0.44098
282, 15, 37.629, 7.546, -13.775, -119.51, -113.59, 1243.59, -16.15, -1.12, 10.78, -0.88910, 0.13616, -0.00694, -0.43693
282, 15, 37.342, 6.015, -9.060, -43.27, 178.34, 1218.32, 6.94, -5.71, -4.14, -0.89621, 0.09372, -0.01313, -0.43343
282, 16, 36.043, 2.890, -7.422, 172.67, -7.69, 1225.65, -5.06, -0.01, -39.23, -0.90401, 0.06928, 0.00445, -0.42184
282, 15, 34.880, 0.719, -9.582, 282.90, -491.58, 1292.54, 17.61, 25.20, -36.67, -0.90770, 0.07867, 0.02872, -0.41118
282, 15, 34.773, 1.108, -9.693, 185.36, -586.18, 1219.79, 111.01, 69.37, 2.07, -0.90786, 0.08097, 0.02596, -0.41056
282, 16, 34.516, 4.272, -7.571, -128.05, -382.93, 1016.48, 162.24, 65.91, -3.46, -0.90879, 0.07541, -0.00693, -0.41032
282, 15, 35.394, 8.733, -0.900, -320.74, 0.43, 1026.37, 172.80, 45.13, 9.22, -0.90634, 0.03881, -0.06597, -0.41556
282, 15, 36.110, 11.716, 5.794, -408.08, 276.25, 1051.45, 142.11, 16.37, -12.26, -0.90293, -0.00258, -0.11362, -0.41449
282, 17, 36.670, 15.438, 10.090, -615.36, 321.47, 1015.44, 88.89, 0.13, -21.11, -0.89793, -0.02179, -0.15818, -0.41015
282, 15, 36.847, 16.598, 11.839, -477.17, 317.02, 1077.82, 28.26, -28.59, -28.34, -0.89604, -0.03084, -0.17342, -0.40754
282, 16, 35.017, 18.197, 8.375, -482.91, 26.43, 1070.56, -21.38, -20.35, -63.49, -0.90154, -0.00048, -0.17341, -0.39644
282, 15, 33.527, 22.018, 5.505, -854.37, 58.17, 957.95, -47.00, -29.19, -60.79, -0.90171, 0.03339, -0.19362, -0.38513
282, 15, 32.475, 21.644, 1.140, -582.82, -40.16, 1079.77, -77.22, -70.66, -33.83, -0.90390, 0.06479, -0.17649, -0.38421
282, 16, 31.736, 19.781, -3.863, -407.96, -114.38, 992.00, -98.67, -75.35, -22.06, -0.90562, 0.09705, -0.14545, -0.38637
282, 15, 32.669, 19.615, -6.467, -473.27, 6.84, 859.80, -117.17, -79.80, 0.28, -0.90024, 0.11816, -0.13435, -0.39694
282, 16, 33.670, 14.732, -9.859, -147.22, -86.67, 1035.34, -143.78, -81.27, 14.01, -0.90007, 0.12942, -0.08263, -0.40780
282, 16, 34.795, 10.381, -14.313, -35.46, -253.42, 1126.16, -149.82, -56.06, 34.76, -0.89598, 0.15001, -0.03076, -0.41687
282, 15, 35.695, 8.106, -19.442, -84.84, -448.24, 1140.63, -140.79, -30.06, 47.29, -0.88789, 0.18212, 0.00724, -0.42241
282, 15, 35.986, 5.905, -22.862, -33.14, -515.38, 1152.89, -103.69, -15.69, 36.13, -0.88363, 0.20078, 0.03752, -0.42129
282, 16, 35.865, 3.911, -23.531, -13.67, -506.71, 1261.60, -56.01, -7.95, 22.14, -0.88503, 0.19898, 0.05527, -0.41722
282, 15, 35.606, 2.527, -21.569, 1.59, -354.92, 1289.55, -14.38, -3.52, 8.36, -0.89050, 0.17900, 0.05850, -0.41418
282, 16, 35.230, 1.365, -16.840, 54.20, 60.97, 1178.83, 3.11, 2.01, -6.53, -0.89926, 0.13811, 0.05004, -0.41202
282, 14, 34.582, 1.007, -16.057, -13.92, -344.54, 1248.66, -0.37, 8.64, -4.72, -0.90271, 0.13096, 0.04929, -0.40687
282, 16, 35.018, 0.709, -15.394, 22.95, -422.79, 1364.38, 32.01, 11.12, 26.91, -0.90206, 0.12449, 0.04976, -0.41027
282, 16, 35.203, 0.554, -13.264, 24.48, -376.89, 1394.78, 68.46, 16.08, 16.79, -0.90362, 0.10708, 0.04352, -0.41245
282, 15, 35.952, 0.586, -9.129, 62.56, -226.14, 1386.47, 104.35, 28.35, 29.95, -0.90416, 0.07434, 0.02885, -0.41969
282, 15, 37.015, 0.863, -4.612, 80.63, -103.39, 1345.83, 116.04, 42.08, 33.26, -0.90239, 0.03958, 0.01047, -0.42897
282, 16, 38.477, 1.043, -1.131, 131.04, -112.24, 1253.60, 131.80, 63.25, 42.63, -0.89761, 0.01287, -0.00382, -0.44059
282, 15, 40.264, 2.819, 3.938, 13.55, 40.53, 1148.01, 146.61, 78.99, 47.03, -0.89034, -0.01942, -0.03751, -0.45333
282, 15, 41.474, 5.258, 9.524, -67.02, 158.20, 1103.64, 154.94, 81.89, 23.12, -0.88368, -0.05226, -0.07897, -0.45841
282, 16, 42.310, 7.764, 15.189, -111.94, 249.27, 1068.30, 154.93, 77.64, -3.26, -0.87696, -0.08480, -0.12124, -0.45722
282, 16, 43.053, 9.296, 19.945, -106.93, 329.28, 1031.37, 143.29, 73.65, -10.82, -0.86997, -0.11380, -0.15236, -0.45495
282, 16, 43.738, 11.194, 23.868, -156.43, 395.75, 995.00, 120.57, 74.02, -19.55, -0.86324, -0.13447, -0.18269, -0.45096
283, 8, 34.763, 14.763, -1.325, -257.32, -25.51, 1147.71, 24.46, -15.96, -9.73, -0.90331, 0.06328, -0.11238, -0.40914
283, 27, 35.209, 12.021, 2.009, -195.07, 61.16, 1167.66, 33.97, -10.93, -6.43, -0.90555, 0.02756, -0.10250, -0.41075
283, 15, 35.867, 11.194, 3.843, -192.57, 117.68, 1173.89, 31.23, -5.72, 0.08, -0.90407, 0.01065, -0.10248, -0.41478
283, 15, 36.886, 10.286, 5.738, -163.88, 187.87, 1247.07, 23.78, -0.77, 1.24, -0.90092, -0.00673, -0.10225, -0.42172
283, 16, 37.749, 10.548, 6.688, -195.62, 205.44, 1224.24, 0.87, 17.14, -1.34, -0.89751, -0.01240, -0.10789, -0.42742
283, 15, 38.110, 11.898, 4.978, -287.41, 5.92, 1181.21, -4.17, 17.42, 4.66, -0.89542, 0.00648, -0.11201, -0.43085
283, 16, 38.319, 12.691, 3.266, -268.07, -50.60, 1160.83, 2.89, 17.15, 10.68, -0.89385, 0.02309, -0.11169, -0.43361
283, 15, 38.534, 13.577, 2.486, -285.83, -22.64, 1151.25, 12.05, 19.29, 12.95, -0.89214, 0.03278, -0.11556, -0.43549
283, 15, 38.777, 14.613, 2.276, -312.87, -13.61, 1134.40, 19.33, 19.48, 16.74, -0.89024, 0.03865, -0.12273, -0.43694
283, 16, 39.362, 16.807, 4.606, -460.82, 193.12, 1115.11, 21.35, 18.78, 8.13, -0.88661, 0.02979, -0.14837, -0.43705
283, 15, 39.686, 16.811, 6.038, -372.25, 211.73, 1218.44, -0.03, 1.19, 1.86, -0.88568, 0.01916, -0.15380, -0.43766
283, 16, 40.311, 18.575, 8.664, -550.48, 620.73, 1151.67, -49.76, 8.93, -19.76, -0.88193, 0.00681, -0.17722, -0.43675
283, 16, 40.190, 20.217, 8.586, -614.93, 645.02, 1022.95, -130.17, -13.75, -44.59, -0.88072, 0.01378, -0.18940, -0.43391
283, 15, 40.464, 22.385, 5.091, -605.10, 404.17, 747.99, -222.92, -33.54, -19.64, -0.87610, 0.04966, -0.19245, -0.43926
283, 16, 39.046, 22.000, -4.053, -457.28, -111.69, 893.62, -232.17, -45.46, 2.01, -0.87553, 0.11594, -0.15532, -0.44259
283, 15, 37.384, 19.528, -13.662, -288.94, -572.33, 993.41, -184.14, -36.19, 23.97, -0.87381, 0.17845, -0.10123, -0.44087
283, 15, 36.239, 17.037, -19.155, -315.06, -626.83, 1172.67, -112.34, -33.99, 25.41, -0.87325, 0.21088, -0.06277, -0.43476
283, 17, 35.813, 13.502, -20.099, -201.97, -495.00, 1234.56, -42.88, -41.87, 23.61, -0.87900, 0.20586, -0.03237, -0.42888
283, 15, 35.131, 10.292, -16.808, -176.15, -272.52, 1229.49, 13.41, -39.82, 6.13, -0.89138, 0.16924, -0.02048, -0.41998
283, 16, 35.113, 7.522, -9.559, -65.61, 338.50, 1133.30, 32.77, -42.11, -10.16, -0.90289, 0.10275, -0.02508, -0.41665
283, 16, 34.113, 4.303, -6.922, 53.41, -2.32, 1196.41, 18.58, -27.66, -31.52, -0.91062, 0.07035, -0.00975, -0.40709
283, 14, 33.941, 1.769, -8.104, 202.76, -431.46, 1225.04, 45.64, 2.04, -1.08, -0.91163, 0.07084, 0.01451, -0.40461
283, 16, 33.940, 2.377, -8.392, 15.99, -483.09, 1102.42, 103.37, 37.43, 6.26, -0.91121, 0.07527, 0.01068, -0.40488
283, 15, 34.961, 5.880, -3.326, -226.75, -106.99, 1112.61, 153.33, 43.55, 35.13, -0.90863, 0.04756, -0.03473, -0.41344
283, 15, 36.661, 8.561, 3.845, -315.61, 216.19, 1062.68, 145.56, 19.70, 42.34, -0.90264, 0.00153, -0.08174, -0.42257
283, 16, 38.087, 9.909, 9.955, -308.35, 311.10, 1066.16, 121.57, -2.54, 30.35, -0.89577, -0.04009, -0.11518, -0.42747
283, 15, 40.078, 10.260, 14.167, -295.59, 322.81, 1101.26, 89.36, -24.54, 31.15, -0.88614, -0.06930, -0.13475, -0.43795
283, 16, 40.912, 9.473, 15.398, -223.08, 230.59, 1095.34, 67.86, -39.58, 14.81, -0.88224, -0.08098, -0.13403, -0.44399
283, 16, 40.358, 8.341, 14.184, -180.36, 57.86, 1165.16, 61.84, -45.70, -15.21, -0.88531, -0.07679, -0.12031, -0.44255
283, 15, 39.505, 7.151, 12.794, -140.26, -17.70, 1162.48, 71.26, -46.46, -28.72, -0.88957, -0.07159, -0.10527, -0.43871
283, 15, 39.065, 6.685, 12.214, -165.04, 28.81, 1096.31, 76.73, -41.98, -25.47, -0.89162, -0.06929, -0.09918, -0.43631
283, 16, 38.886, 7.343, 13.445, -260.13, 190.25, 1070.01, 70.43, -47.68, -27.25, -0.89149, -0.07647, -0.10883, -0.43307
283, 15, 38.730, 5.895, 13.426, -148.50, 205.81, 1251.95, 48.36, -60.65, -25.76, -0.89209, -0.08209, -0.09746, -0.43351
283, 16, 38.673, 7.989, 13.390, -402.34, 251.10, 1159.06, 16.04, -35.39, -28.05, -0.89229, -0.07374, -0.11347, -0.43071
283, 15, 38.552, 10.733, 13.519, -612.24, 431.21, 1110.78, -30.96, -54.25, -39.43, -0.89215, -0.06420, -0.13504, -0.42627
283, 16, 38.259, 10.204, 9.771, -348.45, 236.69, 1133.91, -103.57, -84.24, -32.75, -0.89508, -0.03734, -0.11684, -0.42870
283, 16, 38.203, 8.551, 3.901, -195.92, 66.41, 1083.01, -140.88, -71.20, -21.90, -0.89687, 0.00216, -0.08185, -0.43464
283, 15, 38.246, 6.562, -2.563, -138.85, -71.35, 1008.85, -154.47, -73.54, -14.24, -0.89636, 0.04516, -0.04162, -0.43905
283, 15, 38.645, 4.313, -8.954, -75.20, -218.14, 1045.65, -147.99, -65.12, 0.64, -0.89242, 0.08655, 0.00081, -0.44283
283, 16, 38.970, 1.183, -12.821, 53.22, -215.82, 1158.94, -121.80, -51.26, -3.53, -0.88967, 0.10458, 0.04043, -0.44263
283, 15, 39.332, -0.693, -14.189, 51.51, -151.73, 1186.46, -100.01, -34.25, -0.02, -0.88789, 0.10778, 0.06060, -0.44313
283, 15, 39.847, -1.486, -14.243, 40.71, -70.19, 1127.26, -88.41, -21.60, 10.54, -0.88617, 0.10482, 0.06742, -0.44629
283, 16, 39.933, -1.168, -15.228, -38.88, -233.40, 1184.57, -75.92, -19.59, 13.78, -0.88476, 0.11362, 0.06889, -0.44670
283, 16, 40.203, -1.379, -16.790, -9.70, -375.73, 1223.08, -44.04, -19.21, 23.76, -0.88218, 0.12467, 0.07688, -0.44755
283, 16, 40.307, -2.079, -17.435, 33.39, -434.39, 1237.30, -5.71, -13.57, 20.89, -0.88140, 0.12680, 0.08489, -0.44704
283, 15, 40.217, -2.300, -15.813, 29.42, -344.42, 1217.41, 23.82, -6.49, 17.35, -0.88354, 0.11350, 0.08016, -0.44726
283, 15, 40.786, -3.286, -15.148, 169.62, -449.89, 1330.20, 44.43, 10.75, 34.79, -0.88229, 0.10405, 0.08567, -0.45099
283, 16, 41.871, -3.142, -14.247, 185.36, -493.10, 1355.10, 71.14, 39.25, 57.46, -0.87873, 0.09692, 0.08194, -0.46015
283, 15, 42.670, 0.239, -9.676, -88.62, -161.74, 1398.62, 88.91, 63.15, 57.53, -0.87779, 0.07529, 0.03807, -0.47156
283, 15, 42.986, 3.780, -4.422, -265.75, 162.11, 1314.94, 63.86, 55.53, 31.84, -0.87797, 0.04959, -0.01065, -0.47602
283, 16, 43.070, 6.962, -1.347, -304.93, 144.10, 1232.30, 15.56, 37.40, 12.06, -0.87734, 0.03922, -0.04780, -0.47588
283, 15, 42.961, 8.632, -1.733, -248.54, -30.70, 1178.83, -20.98, 18.64, 17.36, -0.87667, 0.04903, -0.05904, -0.47492
283, 15, 42.889, 8.104, -4.410, -128.60, -191.89, 1128.85, -36.73, 9.91, 29.91, -0.87597, 0.06730, -0.04392, -0.47562
283, 16, 42.887, 7.123, -6.964, -69.70, -247.38, 1093.87, -34.29, 13.36, 35.15, -0.87501, 0.08279, -0.02580, -0.47628
284, 7, 40.278, 5.605, 1.555, -105.41, -10.50, 1094.73, 79.72, -34.87, -13.69, -0.88985, 0.01016, -0.04970, -0.45342
284, 28, 40.288, 3.428, 5.194, -18.49, 78.37, 1081.97, 62.06, -12.50, -21.19, -0.88996, -0.02676, -0.04720, -0.45279
284, 15, 40.586, 4.631, 6.394, -123.90, 111.76, 1033.81, 41.89, -1.26, -18.04, -0.88839, -0.03113, -0.06135, -0.45390
284, 16, 40.788, 7.221, 7.126, -294.98, 149.11, 984.68, 16.52, -7.00, -15.75, -0.88698, -0.02630, -0.08429, -0.45329
284, 15, 40.795, 9.752, 6.881, -450.01, 159.48, 1001.83, -14.92, -34.34, -14.02, -0.88616, -0.01422, -0.10282, -0.45160
284, 15, 40.554, 9.598, 5.206, -332.89, 130.37, 1151.92, -48.66, -66.27, -14.65, -0.88730, -0.00209, -0.09501, -0.45129
284, 16, 39.950, 4.301, 0.105, 260.38, -275.33, 1721.19, -77.55, -72.33, -18.02, -0.89138, 0.01614, -0.03388, -0.45169
284, 15, 40.302, -0.052, -3.584, 331.97, -114.38, 1215.82, -76.90, -21.65, -12.04, -0.89017, 0.02764, 0.01462, -0.45455
284, 17, 40.474, 3.168, -4.186, -231.69, 165.83, 1093.51, -98.46, 17.96, -14.21, -0.88852, 0.04509, -0.00793, -0.45654
284, 14, 40.660, 6.064, -8.035, -284.42, -57.37, 982.36, -138.18, 0.64, -2.66, -0.88406, 0.08635, -0.01490, -0.45909
284, 15, 40.676, 5.894, -14.647, -120.61, -415.77, 998.84, -133.70, -7.87, 13.98, -0.87769, 0.13652, 0.01293, -0.45918
284, 16, 40.583, 5.392, -17.621, -103.64, -278.20, 983.40, -104.86, -6.56, 16.01, -0.87473, 0.15732, 0.02857, -0.45748
284, 15, 40.757, 3.978, -17.864, -27.95, -151.25, 1110.96, -101.22, -8.99, 14.46, -0.87501, 0.15363, 0.04064, -0.45728
284, 15, 40.565, 2.147, -20.083, 33.57, -418.46, 1300.54, -90.49, -2.14, 9.72, -0.87428, 0.16350, 0.06322, -0.45266
284, 16, 40.603, 0.726, -21.724, 43.70, -496.89, 1237.37, -52.10, -2.81, 17.54, -0.87291, 0.17044, 0.08061, -0.44998
284, 15, 40.280, -0.689, -19.858, 29.11, -348.27, 1268.01, -17.17, -8.92, 15.03, -0.87780, 0.15088, 0.08366, -0.44687
284, 16, 39.620, -2.847, -16.000, 169.19, -51.21, 1254.88, 4.27, -10.94, -6.61, -0.88588, 0.11322, 0.08451, -0.44187
284, 16, 39.164, -4.523, -16.549, 198.49, -521.55, 1313.72, 25.44, -5.98, -15.38, -0.88760, 0.11130, 0.09908, -0.43585
284, 15, 39.227, -6.201, -15.682, 300.42, -547.73, 1268.37, 84.83, 2.89, -2.94, -0.88846, 0.09798, 0.10876, -0.43498
284, 16, 38.811, -7.218, -12.658, 299.13, -399.11, 1232.30, 130.74, 22.27, -20.49, -0.89229, 0.07090, 0.10484, -0.43336
284, 15, 38.509, -6.863, -8.263, 228.94, -255.55, 1150.09, 162.86, 40.63, -25.70, -0.89557, 0.03824, 0.08528, -0.43499
284, 15, 38.503, -2.878, -4.098, -65.61, -210.75, 963.87, 188.12, 44.01, -24.86, -0.89717, 0.02102, 0.03828, -0.43952
284, 16, 38.781, 1.102, 3.307, -215.82, 152.59, 965.33, 183.40, 22.74, -13.85, -0.89627, -0.02161, -0.02140, -0.44247
284, 15, 39.658, 3.838, 10.686, -266.11, 417.72, 1022.64, 133.96, -9.61, -17.33, -0.89017, -0.06813, -0.07164, -0.44478
284, 16, 39.488, 4.836, 13.229, -231.57, 321.90, 1078.00, 57.43, -48.93, -46.19, -0.88925, -0.08407, -0.08907, -0.44072
284, 16, 39.016, 4.590, 10.236, -130.68, -22.46, 1113.89, 12.51, -48.13, -45.33, -0.89295, -0.06210, -0.07537, -0.43943
284, 15, 39.069, 6.485, 7.333, -331.85, -19.47, 1003.91, -15.41, -47.45, -25.25, -0.89379, -0.03204, -0.07897, -0.44031
284, 15, 39.078, 7.213, 5.129, -311.89, 105.47, 1102.17, -51.76, -62.07, -26.05, -0.89399, -0.01200, -0.07615, -0.44140
284, 16, 38.928, 6.365, 1.161, -179.75, 26.18, 1026.79, -95.69, -68.60, -28.35, -0.89481, 0.01559, -0.05423, -0.44286
284, 14, 38.792, 4.390, -4.379, -90.03, -102.23, 987.18, -125.70, -70.56, -23.92, -0.89456, 0.05118, -0.01740, -0.44367
284, 15, 38.780, 0.733, -9.802, 83.07, -171.51, 979.74, -140.95, -63.14, -22.75, -0.89303, 0.07942, 0.03213, -0.44177
284, 16, 39.220, -1.186, -12.510, 50.66, -17.94, 934.75, -157.17, -42.04, -12.28, -0.88998, 0.09290, 0.05784, -0.44266
284, 16, 39.210, 0.448, -16.119, -137.27, -31.25, 688.60, -193.40, -37.69, -17.23, -0.88580, 0.12719, 0.05911, -0.44236
284, 16, 39.433, 1.071, -22.310, -130.00, -212.22, 744.87, -223.27, -52.35, -5.99, -0.87628, 0.17706, 0.07848, -0.44115
284, 15, 40.047, -0.890, -30.092, -3.78, -554.02, 960.27, -225.09, -55.42, 12.34, -0.86193, 0.22805, 0.12423, -0.43547
284, 15, 40.859, -1.890, -36.307, -26.98, -906.98, 1151.73, -179.26, -44.62, 29.75, -0.84641, 0.26955, 0.15694, -0.43163
284, 16, 41.019, -2.935, -37.894, -29.85, -862.00, 1241.21, -118.27, -44.98, 16.94, -0.84319, 0.27700, 0.17092, -0.42789
284, 15, 40.520, -4.321, -36.357, -26.55, -551.39, 1212.59, -75.31, -42.91, -17.42, -0.85010, 0.26104, 0.17418, -0.42292
284, 15, 39.750, -6.607, -34.988, 114.01, -759.28, 1277.53, -29.75, -42.05, -31.72, -0.85788, 0.24317, 0.18427, -0.41347
284, 16, 40.706, -8.770, -31.920, 255.80, -504.94, 1228.76, -13.93, -40.47, 44.20, -0.86185, 0.21007, 0.19090, -0.42029
284, 16, 41.131, -10.366, -29.953, 248.05, -589.72, 1223.14, -0.93, -35.21, 20.77, -0.86441, 0.18811, 0.19613, -0.42302
284, 15, 41.886, -11.352, -29.240, 368.53, -890.01, 1515.69, 23.49, -16.62, 29.21, -0.86306, 0.17739, 0.20193, -0.42764
284, 16, 42.278, -10.662, -26.152, 338.87, -816.35, 1651.55, 65.27, 9.81, 35.13, -0.86591, 0.15628, 0.18577, -0.43735
284, 15, 42.737, -9.174, -22.670, 309.27, -663.27, 1670.17, 69.05, 34.65, 46.69, -0.86824, 0.13542, 0.16185, -0.44903
284, 16, 43.511, -7.106, -22.261, 248.78, -850.83, 1531.13, 69.02, 59.55, 50.60, -0.86509, 0.13992, 0.14575, -0.45912
284, 15, 44.356, -3.644, -21.473, 51.57, -847.84, 1429.57, 87.50, 77.99, 69.08, -0.86110, 0.14755, 0.11779, -0.47207
284, 15, 44.509, -0.607, -19.473, -24.48, -759.58, 1344.73, 120.14, 82.17, 59.25, -0.86115, 0.14514, 0.08695, -0.47936
284, 16, 44.290, 1.810, -16.908, -22.22, -682.86, 1261.54, 142.27, 83.60, 49.28, -0.86350, 0.13609, 0.05770, -0.48220
284, 16, 43.694, 4.834, -13.193, -142.70, -452.51, 1141.17, 156.65, 79.44, 37.78, -0.86784, 0.12078, 0.01847, -0.48158
284, 15, 43.325, 8.207, -8.494, -237.12, -275.33, 1058.53, 157.75, 65.56, 34.98, -0.87110, 0.09900, -0.02736, -0.48024
