accX,accY,accZ,gyrX,gyrY,gyrZ
1203.69907526934,12176.633226549513,8009.026916587797,-257.5720973939273,456.6752087430382,120.374805175613
1228.4560802034032,12105.15772904361,7851.634886492509,-294.8678327417176,484.2647213918837,166.40930796381141
1279.8625720563311,11999.473758675558,7893.493137540099,-272.1372834338838,318.16914864519833,224.26944246857178
1327.9196203638824,12139.631085476478,8074.144451233084,-244.92735686977144,196.58369029793383,229.78969881539587
1603.1590295180906,12171.413514185837,8206.541878663007,-245.26534031676272,99.66372874133992,192.4160025161936
1647.1497173495372,12120.934381028605,8058.037790851188,-192.86226819419514,54.45977689716297,147.0827697781268
1680.0335369411473,12026.938750470023,7990.513507231585,-180.59449656121856,-11.807656802843526,113.4667404800009
1555.9249876025444,12126.92855499086,8011.376553107035,-173.29265933287405,-60.37674075415212,55.59358530545091
1291.8474882943444,12138.251240994037,8024.110645691366,-178.95392104004972,-170.7103047635638,39.870189215595715
1396.340972044706,12091.90753129567,7868.198670932642,-205.9596523130906,-244.58261159903003,47.05595713684762
1494.7791531189366,12081.1171702291,7868.672364923387,-215.9996960709243,-233.6964544576166,16.562571510087718
1219.9317796519192,12119.628998702665,7881.552688351277,-234.4930591160193,-204.65245605984666,25.78564032598277
1251.640955844606,12085.838113899801,7892.751097451087,-241.39771657161472,-148.30059928033646,55.64373202405736
1190.1249325758731,12111.123380472447,7872.427647650449,-277.37446392204964,31.505256607431594,123.18707032461585
1119.3408386117997,12092.612347315026,7674.08153821184,-320.2755557674755,21.002152909302495,174.34715885583523
1218.486230341421,12165.553481115428,7790.243176657143,-395.73188793571444,-38.67491584767619,192.0880605722226
1523.6206120560732,12171.038827440872,7978.000001522821,-400.1406251825591,151.18841372260164,188.59196007502507
1584.8690744469873,12120.271822540966,7884.683513667179,-405.47673587057795,301.5536621086834,188.10751705069245
1304.8379886738194,12074.394490593104,7882.89532924891,-423.89716028466376,199.97880358066067,168.564243350144
1499.5626406581212,12027.666530777084,7967.859397746034,-428.78786688844116,176.10380437077336,163.98391868158322
1537.2211259405954,12113.117246146117,7999.359904915255,-417.3622528490267,324.4598505017955,135.77920087496767
1412.8111272246724,12114.340372478839,7949.688999973325,-427.52623983412536,373.84361784832146,107.91525622406914
1530.0754496324569,12163.948867492696,8123.967658800674,-389.8027740135383,243.30628882541424,84.60729102568274
1703.5872634107527,12110.338897068257,8237.506323948242,-310.6627042170087,323.26766661342344,31.887620773586118
1780.729530057667,12142.822166371227,8215.995492841477,-244.00578270628736,402.7251217268781,-51.273408191159405
1734.3469789633486,12043.096814803104,8128.8258182405225,-202.9006642292062,524.9727251615469,-130.06573095628528
1743.2171442221236,12112.482865362232,7939.895512209497,-208.39636343324426,582.9201726819795,-200.0588391093615
1825.2575770616236,12215.364180873325,7553.931095548995,-264.740144346523,702.9995226674693,-301.3078759325622
1377.9931895438588,12226.262068838707,7599.175176744418,-346.35301782805425,663.2602536422795,-311.224938090824
1044.607288649216,12129.041160201878,7749.3515421766115,-402.59087530962154,679.1825518145894,-274.2134297846041
1209.4996765115225,12196.67218010541,7842.569491009392,-451.21393979941683,703.4611991408801,-220.67664576072903
845.8939306759434,12058.865544864419,7877.928936691079,-454.3814959627618,702.5902422879485,-164.90393321346613
1444.3823913136066,12123.271500195762,7888.493710070456,-513.7306550593546,597.0415226569281,-32.475454522654516
1288.7223325120121,12028.86817832687,8111.069208139673,-506.0608421705673,723.6491770672748,-37.32188374815655
1044.193245007714,12090.72970331853,8131.203247754653,-498.89125013822894,840.2655692642448,3.211988273158326
1122.5357413232812,12141.7359679376,8097.507786021658,-438.91986795049854,1018.4994208099312,27.232368346359525
1011.8155961473313,12178.398132117945,8217.294225385087,-419.6103365425667,1049.0911164433066,59.77806130734727
1084.0722327945412,12173.160997600087,8109.6961745851795,-413.5228871388405,800.3559465943997,80.5391750260585
1443.5408265571389,12099.987642071403,8137.0073867683805,-370.7477544629727,589.6708762110895,46.59115393955897
2114.490414589882,12068.914526331677,8199.361640468358,-347.98737501730386,565.3122447309262,-118.6084094180788
2244.8918426461246,12104.740774929905,8305.200510007822,-269.19623930390605,683.2564470675693,-298.1006352404663
1991.9479645894817,12114.887882788129,8186.058209599295,-230.51194009226552,844.2445786954561,-433.76392322458264
1083.3484894747291,12099.303778105927,7841.780951478308,-402.26953670505947,1014.3340666680241,-497.64368975360765
846.8602144722638,12201.509190940698,7938.328403795063,-429.2574416966235,913.4840485672097,-442.75185362952294
1067.3178376248793,12134.74709792586,8018.2738186877705,-432.02627237086426,960.4403480591426,-394.3269575136279
1417.636836597432,12044.371369130688,7905.817989731137,-427.62178731697173,1219.9594960724778,-404.6961555545778
1434.8054013765754,12078.200335393985,7984.911920747751,-451.8974123154972,1452.1547635540785,-426.5688604798563
1248.4114661514882,12138.04858848946,7969.782051739419,-472.5231455380323,1603.5502561437304,-464.6845731649433
-13318.786088933133,12635.563109846153,12236.625507443088,606.309134706592,-2041.7537201309665,3259.1542881615337
8003.7328734964585,11274.335050799686,5210.948677235612,1045.8873902682735,-8830.562532689497,5581.761638407341
11247.697526697732,12126.64052594269,5523.474022608472,48.30995930861627,-2031.0257672062153,1798.4302511595356
8598.048175002903,12026.322485488789,6202.46003142692,-574.5670564090289,3211.856583927873,-1375.634856253576
-10595.881748706019,13035.31171277916,10725.327472457999,50.44276196818726,-314.44486900256476,1572.3010143199003
-8399.921235294743,12314.74357508317,10404.477529118645,1171.0400341919146,-8079.3458922841855,5777.080110564194
10418.076004650806,11585.572455999834,5240.99814142096,437.3019637350258,-5006.614486952401,3338.901646583749
1149.976792942741,12670.116279699687,8628.098114559229,87.61085191668766,-849.5980272228481,1835.3173089898787
-18.349637449771937,12240.039714825372,9000.386795619359,296.7285268521901,-1395.9137654443066,2091.4839659898853
1785.6320046907308,12635.614328608539,7632.0448609545465,283.2076976204112,-1679.5563450726138,1711.9750311043194
1310.3757254961654,12021.218591009985,8482.0678538632,573.703267437825,-3067.899069027772,2648.388241289337
353.4737020361398,12020.367879404184,8312.520565609999,692.1847327371933,-3186.035312287219,3239.004443010944
1409.2630953087773,12581.486075841605,7477.426839913812,591.9426331432862,-2588.2268990352077,3002.128765271411
926.8315253215867,12225.519320283363,8847.530241613009,1289.5861724338215,-4971.919257704658,5169.285954078894
2946.129556395728,11685.719282191143,7714.6812477681015,1232.0397464221635,-4003.683096082264,4945.730001686066
5588.382447166425,12403.639822985893,6790.631744401193,883.4447851581272,-2306.274403186472,3803.657943158607
2640.7298413716567,12228.099994267006,7371.341178510927,926.9243431180834,-2835.143577463061,4076.206592288963
2040.1036315408296,12158.404065581315,7924.16091410135,1087.6847157989687,-4359.977939468963,5005.79774547982
2047.600960726216,12478.796458501429,7536.245117167081,938.350446537329,-2894.8054128358117,4650.780638365794
2593.886856486625,12193.993922848118,7664.625754563707,933.0578641069437,-2499.2442718835196,4487.146336056731
-1291.205859777863,13390.145692119362,9761.142932601426,1487.332933940843,-3529.382949760502,5550.155342831715
5027.23683716366,11842.471577527258,7195.472629622765,1481.6928580258223,-4118.089211930563,5350.247827132837
2458.950792987129,12379.738882963195,7868.213434759306,1145.4845992320218,-1139.5157025630897,3806.0488310478404
1430.663036144167,12389.327342457933,8304.011541279424,1396.698291123765,-1334.4572417663562,4293.976492910834
1112.0900410112654,11680.639770795655,8575.001109211411,1778.590446822065,-3190.3940315347036,5196.125600888243
5681.750879918437,12029.01494543301,6651.149281085226,1750.4318073133718,-3002.654713679783,5118.43042703345
8120.9236732128675,11931.445226896889,5811.959555246341,1360.0463460539877,-1296.8330396767112,4117.858274770646
3737.967713852757,11903.800922160803,6771.0315254569905,1164.1015971537515,69.77765142193861,3504.6554881353786
1835.154336533705,12352.707874439267,7705.43922882999,1170.8857420952268,292.0809517272726,3605.974417449084
-404.8328775839584,11998.416455392899,8820.991110216662,1711.9990739928076,-1711.8979104693058,4821.564359995335
4498.860430736594,12651.549199595234,7791.978068864668,1692.406279695245,-1612.0483654148572,4629.465957897163
5863.321470233531,12998.705432405723,7210.733992866234,1359.0480735242004,716.5336494547404,3481.1322939216648
1183.9838221510265,12609.126756637796,9040.729691068118,1627.5358931938883,284.2711996958137,4186.651500248355
4299.063099725014,11945.669264467226,7338.221792548765,1645.8478252600848,-106.44297096491543,4123.3046478537535
6086.688273104514,11932.078109171534,6437.646627174094,1079.6106746758182,2356.265251309306,2546.5297636270684
-3413.1782468389997,12294.823982228234,8902.762667699752,1057.9204907144294,2462.2767410526735,2840.1470940970175
1755.9551572925793,12307.22849678141,7430.886709543386,835.6594454726282,3059.1723201726577,2092.2612935912703
-214.7833163402943,12605.676004909794,6870.099618785658,272.1516257064111,4976.337977350258,628.4467919654762
-684.3722269889319,12582.532989810561,8709.965754110612,607.0217385409082,3387.824917136975,1866.243294469752
2175.402671577361,12254.312148979338,7502.395941116392,484.57816094226587,3207.373619873875,1687.961748437888
5299.942485786749,12452.81977029397,6099.865907141201,101.305816794435,3610.936070888076,1066.6261353277841
2660.4322000369766,12258.039072798627,8246.894885071122,242.376915304303,3432.75440922542,1316.6796403046942
3900.9810154921597,12232.098411209472,7415.844324771202,158.2218045116485,3057.1349826839437,1147.455644762738
1585.1918484890834,12300.63566479221,8176.589432155831,451.69387545708196,2051.615265502873,1672.6039620127715
2940.4007623143775,12147.032719418083,7354.7074678178315,561.7457620156516,1953.246941717723,1994.4191960981204
-2603.084713408464,12484.359423086697,8252.095575113388,642.2606703683939,2610.3865804144884,1924.7257869614355
3429.0965807736275,12544.52315788592,7566.370046705995,896.7247273807433,1983.3903593377688,2456.4731966979684
-231.60571807910696,12486.200848775437,8559.454587851114,1064.4344166556125,2192.6422234693,2868.8779878152204
3430.028923522523,12454.086088758873,7574.046893417164,1346.5616359379856,1304.4649623188257,3517.3435262322687
4739.967483759999,12232.999929876682,7099.843690035118,1526.8325837949212,1504.083087843483,3780.004044495372
6847.76098689259,12217.703481349921,6478.317852374475,1140.12978643655,4002.2524113821287,2392.851389086215
2252.4040816658553,12372.933205724692,8053.281690473187,1088.8935002257513,4477.286804785203,1870.6374963548644
3745.833308916405,12327.19722150132,8142.737245280173,1293.497207328749,3023.4641162266166,2328.5810432842313
4644.814860332185,12346.384103136046,6880.8146568378515,938.1210556245604,4590.795349075346,1270.439449691315
3065.181150732558,11761.938610007475,6861.2559568249935,893.264484105644,3907.6244701378905,1238.1403961394474
5401.929936265088,12171.106637024184,6665.539613611971,521.890443439797,4926.862397272129,178.57512238746335
8300.364778892377,12328.386936761694,5318.937625702093,48.43348202156309,4931.49958624394,-1002.2918262389938
2330.3610963828414,12461.8267991826,6584.812768050332,-404.8143058857071,5473.965898688594,-1814.0976318038643
109.24915798953762,12484.051718743258,7518.19400220809,-387.89057693174396,4373.733496002298,-1410.0958298386586
1135.4924986137185,12438.306844408655,7314.875921514032,-480.81049508450957,3178.1543057872013,-934.2581234519461
-510.4040066709113,12502.541358384398,7936.764476265916,-392.0766153762723,2126.022487904466,-214.24912346451262
-5569.332484360738,12104.544546105504,11673.003354474682,1123.4771203704418,-3572.97812237422,4210.855907438032
16775.919738381323,12414.47861826989,3180.580569877129,355.45021974555937,-152.7383731261725,1919.0937484383164
7749.355262141663,12869.034757770167,5566.350310018466,-645.9840988733912,3799.5679944111007,-1215.458861869184
-364.4994728022298,12557.597327426889,7428.6827868170685,-624.7817875759663,2463.3629316487545,-888.5896429982205
-14082.371825408181,12648.47254104606,11060.982984114462,-99.06770488476151,769.3130078963906,1381.3538659464066
-432.22496646472695,11626.630819026126,9995.288818600118,924.7635347017966,-3587.959512154884,4449.649204922001
22806.470596511685,13277.648247991681,1934.60625116457,-544.2965964348687,3171.8321607955518,-841.4006697591482
6559.300619600604,12758.018252703969,6628.5840142406205,-747.1094602943256,4922.187643423392,-1764.2922157251735
934.2927608020808,12853.663332975293,7762.485175573798,-514.9681354972612,4562.305592647131,-1982.0756234047465
-687.3910814537085,12404.809967259023,7522.622502058506,-435.0045508474823,3016.434276477254,-1393.0018807667877
-8401.080742981469,11684.095005605004,10402.659862370909,75.5859356633614,221.23114795856304,1415.0916494380542
6919.9006746688765,12298.66856454919,7219.873827510067,268.0524892367688,241.90835891133688,1351.440539165705
13479.074768812703,13330.36068866561,4939.247811668627,-314.5680499215036,3340.527502413087,-1593.0264906060913
-1188.8049169062083,12704.75760264479,7717.2587695269785,-357.52118815995476,2408.1928274639995,-978.7516689118252
61.25909066430077,12444.663210131375,6868.4116460219475,-389.63657549033854,1311.9746793534584,-417.14309037705857
1997.95304058994,12257.963990113863,7227.749701018326,-486.0933538514391,1305.309700370407,-314.95039891065136
1670.1327903260694,12359.120264582116,7635.768244783081,-448.4248506642595,1138.4319605771457,-177.76890484204245
1955.1100198825131,12363.417475338932,7522.962428357324,-285.1801855182397,-129.6477146592942,187.7240416849193
2213.457645778027,12365.534894951674,7562.075139319449,-277.6798933204616,-163.14954147873937,232.14108631549072
2404.4153098568468,12397.615940559468,7465.403596734815,-272.8117615096382,-56.45082951108067,233.52454253121854
2208.6021157407417,12495.3737767764,7470.612403008865,-274.38943206753794,35.06041496360291,271.58255049134925
2314.8293727070572,12413.823486350211,7415.6836512605805,-288.99999701012746,66.87244171460351,297.7340476162391
2084.192991551662,12416.37708180045,7414.460129357945,-310.9235029755008,-5.624221714413037,327.26085237080525
1942.9718261003527,12351.60882005184,7498.917522226714,-306.480419012628,-146.9439356222847,382.94917014116777
1978.0692210582806,12315.270944603062,7717.150988003272,-253.8407285798048,-301.73808313467697,462.7101692034796
1871.036172587347,12274.073350254934,7877.7029934536895,-186.41759129122536,-435.0279197778491,513.5568112337396
2483.7933754264604,12316.143844891387,7511.071407704162,-125.87217106922871,-411.314958981859,447.7635270020885
3164.4675256378287,12402.073549685723,7229.278663658584,-139.89590377892898,-224.73221500161205,203.96133467654576
2801.7571189436617,12397.086450529066,7269.945789033964,-173.68556299921178,-197.50056903894725,117.9806558905628
2545.5686464720784,12368.998578356694,7247.5464111280235,-208.32625154108268,-224.9751974345057,48.06598563769074
3110.5185633906826,12388.105378942955,7250.077101477108,-232.24757360536702,-77.0594545599704,-21.820964531286734
3220.689757260632,12366.238027366277,7455.2645119364515,-272.4049344750996,208.52405565461257,-143.1546237475219
3052.786278970843,12417.265561520257,7506.289120773477,-258.03728939005816,438.07792507124395,-255.004715866853
2962.1132859268723,12464.622698105186,7404.681085049969,-288.596222428856,704.862207857026,-354.9565198245209
2985.1420113328873,12404.884118637057,7396.771318491103,-305.6434342247331,884.8005128875227,-463.1315423675542
3070.5986232308196,12458.300442460913,7296.939668076883,-334.8460212082645,1141.8951356389837,-554.9231575016031
2756.0368169968265,12451.19737054512,7211.944136392772,-441.3527404679607,1608.113258938511,-664.6404047164744
2891.501438185827,12491.138343608278,7230.598160647923,-497.8370337854203,1898.6445124869927,-759.8308256838266
2335.172777415669,12398.570949233163,7473.930881576065,-515.0045351125073,1976.4934052167534,-815.7290719225604
1824.95021292954,12341.901788969413,7569.806179938759,-511.47908144087353,1926.6963189100811,-743.7489911437469
1168.7760964429672,12432.786422504814,7486.3232857102275,-515.2089878857078,1650.8113867406928,-624.0089867567222
705.0645251229746,12409.35597567906,7433.343336823261,-502.6621088379803,1169.1085338914786,-413.49118582681075
293.26101294056303,12357.370837340037,7763.099632252898,-489.34433045391745,551.8766128148511,-112.3314074823439
956.0692594930002,12381.474575119186,7680.544765937747,-418.9955273905479,69.06566370992685,133.9783020226538
1166.4176217049228,12447.26205755504,7926.186360991374,-388.0493474106993,-266.2001317611625,297.534122631407
1564.469250910588,12376.788072596763,7986.667647377356,-165.77538618845585,-848.358087390291,544.4915371208166
1962.0129256135326,12299.48215223264,7800.293371529505,32.98376452269259,-1366.0899796522503,717.8573035806838
1996.7888224480937,12367.833964567262,7595.939396066731,77.02713074225032,-1482.8690117564975,766.1480407903327
1989.4466258471455,12405.800110543863,7674.969806974721,81.49906623837904,-1639.8996799765193,784.750041246878
1910.8806569172302,12444.2156893074,7450.563094257448,91.85942267213265,-1776.6634003015322,860.3184103736412
2043.7159986730467,12376.653179677907,7377.108832797347,64.95093265019757,-1869.8675546570798,881.764643637822
2180.281357345724,12396.829458048263,7595.076648835427,73.43869986753255,-2033.6923491376604,915.5101287213317
2684.7414835381,12345.712629833206,7784.750726326113,104.83339527130616,-1937.6201740770823,890.346404242513
3238.422953120411,12432.677614620454,7598.528006390823,151.24999121377306,-1703.2302970207077,775.846940349052
3907.0527245322296,12477.31619591739,6998.19757261065,85.0781891663095,-1307.7181917975754,546.3700494998902
3632.5650051568127,12395.93263916497,6997.853127298867,-64.24971682053935,-168.2226580891355,166.91262738732632
3060.934891153638,12449.175032697618,6924.923029835037,-190.3220480918517,513.5633648788342,23.479649769218728
2121.864537732633,12470.218261205117,6950.704283296544,-277.2402588880931,637.2182083105996,55.5915182222783
1727.7101018796325,12436.021222747559,7013.545765201757,-373.10510327126946,670.9075588239017,150.8498207471903
1314.9063769261988,12374.695060573296,7399.110639403677,-420.87940097389196,503.1421202014821,311.56477713210217
1164.083820330699,12439.624357122346,7685.761759604683,-374.5921129567827,287.5337955442503,546.551711769291
1849.9510387853018,12416.692337505967,7585.992488181922,-356.77038729960327,84.2044476650227,686.7202387257486
1919.524917237503,12279.244476497835,7781.020605474235,-306.76883758536553,-131.7675716078875,740.2573922983826
1715.54045866135,12414.010130474562,7936.364225264895,-201.19002962050206,-390.5251003280208,815.2210437035242
2248.1572842996475,12427.413599762933,7647.224268876693,-171.83522018174602,-515.310204268978,886.5191415331501
3181.646747540545,12399.387053465181,7571.352119608754,-126.2295503676206,-560.1607090468499,734.7200219230068
3389.8096867855693,12446.955908921795,7547.807278859035,-101.73070003275946,-447.8984258895922,556.1175004662022
3439.0682934661495,12433.766850642933,7420.719793438605,-105.77789789161595,-283.3159413518704,375.3574080294042
3355.752351750715,12389.139956568342,7301.379233540429,-99.25022564825032,-120.2326735102584,183.3470206371535
2890.903193887309,12409.045622268242,7394.142502518967,-148.0232422941517,-163.6235646887359,47.4860377734137
2662.8126924484604,12519.558039957197,7279.972067399651,-170.58617884155714,-165.9516904242465,11.784232903664085
2919.9366542417492,12370.828602831201,7303.869510343874,-172.46986717729584,-98.1629249604723,-34.88469891205148
3047.4184271381246,12392.35388463799,7331.337248443976,-210.94934946083637,13.640622161580756,-147.61536839976793
3240.6901640734995,12431.699834648756,7337.598358648941,-230.75356412845483,244.98005320417568,-237.89713638023542
3161.5691049460843,12426.226867499441,7414.150627386107,-256.81375138088555,605.1117185738585,-384.287081671293
1770.5507799368079,12482.282851933905,7173.253469248545,-306.4876881478729,596.3047535118296,-269.3562949502005
1944.6601051426599,12504.933060461704,7247.509675409096,-386.47119859580215,495.93741895133337,-143.73810285165052
2185.2518041148455,12463.426162145392,7396.693458233125,-393.3479628183159,416.21381735570077,-77.53077048454013
2379.183478472073,12425.325140435929,7503.558101717955,-405.62236074884663,441.8434889067703,-43.8842036296168
2475.5980077723957,12356.774387403806,7615.593335621397,-374.44716427441233,521.4909514258101,-68.59980821353737
2177.176499186203,12451.953323697067,7663.734061419911,-315.15541771404725,507.34679884868996,-66.36513601714746
2041.148165274951,12314.813789135527,7719.477769239416,-259.5938748877292,412.5245223134532,22.31002647734403
2039.6780257053447,12497.606630265835,7601.178012110096,-251.7486368331299,350.73432979834536,70.17858595053137
2315.8528411769466,12405.5530769909,7326.878427306154,-245.3755347247599,229.27114152914353,97.3053195869365
1882.3888643802277,12481.236748096897,7566.922766798481,-307.8115113903966,168.97232081996546,34.840635841125824
2091.309130792376,12455.503872871195,7423.056373660292,-346.66753399460475,38.408078695849994,77.97539591560893
2209.2926635687622,12449.808659539503,7416.450271969292,-379.5803296334738,9.856301683942833,113.5730384035929
2566.7937306172244,12370.366362770414,7631.5355413526495,-348.3958685264855,28.756772361291553,89.53109979731849
2532.8782113275274,12401.65889441003,7824.987324128975,-306.54065431924994,77.19631421871307,78.35441227864966
2595.467512653151,12385.791737321597,7799.345148842373,-243.63052670692124,135.7053044511104,57.75896316309903
2341.0992054216426,12310.887224323267,7697.444917872481,-193.68129512004293,150.4467371010794,24.606615211325224
1965.4978967255113,12416.9577791408,7471.7082996453855,-165.5711780170311,23.80394982855333,97.63474832263839
2238.047461139777,12402.190891385524,7489.836896209449,-166.64839715967787,-99.39114351477689,146.31890237870314
2733.076857760035,12443.243544285086,7455.438583763173,-152.07472036591338,23.14622670807251,93.17239801817945
2159.592799042722,12454.597189771202,7660.101353523352,-101.33226325657137,81.94708047694101,49.50827281328754
2235.02064734317,12518.936706819923,7491.919818448309,-86.19699303154765,79.93514932297889,57.17975552578992
2355.686228311236,12406.207604604071,7309.975426439493,-112.83173485636196,92.62054826693813,71.490537615252
2280.574817170872,12426.231824277962,7226.020771644668,-142.63162465376368,128.5359298012714,89.0490638548794
2416.3359109689763,12384.754712353817,7157.142890885443,-218.30377199135262,154.12977487564388,88.77692173683307
2551.303668819835,12419.86605694945,7165.4765071037955,-268.57034064658836,193.00954228413403,47.30613401882727
2762.0477435016282,12479.626175439224,7346.378007408153,-308.2584703901923,248.03496548930826,3.897085315974471
2631.7293096916956,12404.767851791003,7531.7814496007295,-300.36956024908176,344.88062058510104,-58.0151686997336
2732.3364488835578,12440.292114776708,7425.961283096228,-316.47266739674626,340.79337040175824,-90.17215789046948
2906.6902626303945,12473.562419683007,7257.616251291375,-335.9261461850205,308.95330466572045,-216.18711561514982
2106.9327888793414,12354.45517394865,7623.527470759085,-359.965902217618,214.5286300699684,-326.7879061809455
1796.549727371116,12402.635404270826,7716.5379405880685,-330.8922819506854,129.84656705357747,-264.6560176692282
1945.302705579206,12401.547885846208,7578.134408595018,-312.11897793545273,115.66367043612317,-206.2290425563606
1981.3835696344547,12458.418496707218,7565.489179422155,-288.2865050142562,108.7662811051969,-103.96141342637532
1674.4615040104286,12414.945039215252,7789.294154349956,-218.53978534989278,51.079606768931164,-16.52985170701848
1902.1652821609505,12297.062165991005,7735.470498070875,-168.64669138186068,10.181267260584711,61.88829252796154
2233.451409624557,12362.23814812808,7574.086615687968,-157.25215994667045,-85.24570925462538,66.67901406925267
2197.944976553353,12443.773043528236,7546.932889622296,-157.8519526765229,-346.8565255784611,81.87119453279239
1967.3251370169626,12532.811267878522,7542.145746901323,-147.21801300644262,-462.4530170363262,104.45980948046034
1860.4170971759665,12411.523950490026,7388.2515047516845,-167.3278223218594,-714.0938763446567,260.00176900438987
2384.7764195003797,12461.716024663709,7164.679504100757,-212.03810437060352,-1007.8300713115211,369.7488547179031
2615.271464624991,12405.461362692557,7191.340641350904,-229.5353534020014,-951.3813851818082,324.7493380753835
3092.135853425167,12383.63790794258,7220.3609004360615,-263.91808685270246,-871.4277328977861,225.68896339565194
3224.8949987703827,12410.587154138015,7345.97001127183,-290.8852122702872,-650.7555573324054,73.00154975698051
2768.391959767248,12393.784263099153,7508.6386971400825,-295.4373156090735,-544.9090395110791,-15.928427701864512
2621.5756051320645,12432.428632430168,7356.477487132055,-308.9044104361411,-442.5818125648001,-56.680727080493
2604.14981578636,12397.2652120157,7183.4302025592815,-361.1784469772303,-283.466777974408,-91.0690859543161
2033.2460174760165,12398.151691060682,7306.317631869481,-390.98282944788554,-184.15882866042867,-74.25633266155623
1837.4391973218246,12400.342868909931,7584.220243454973,-376.6319662211653,-193.75531612636672,70.19521870546488
2113.7790930449887,12280.352689151927,7668.106694604213,-384.12259776228143,-191.0587567731187,195.13923466733712
2241.6389061845116,12337.036690574223,7574.830349879678,-367.1869718720758,-216.1117333777813,219.68169362055968
2401.6325057263093,12377.559402951549,7679.4208479176095,-309.61246681076216,-180.10987910083082,237.14048518780697
2487.974345753736,12422.7367462759,7707.446068377568,-256.6067659507068,-153.3809855827323,227.82322351646025
2375.49528938046,12391.153990434312,7685.429223155418,-192.29448927604975,-116.69874723347121,186.7459547685276
2520.95198733832,12378.233849288003,7558.254669580667,-165.75625542231055,-166.73811653822347,157.3648543459009
2595.6068326733835,12480.164903398483,7577.36333670425,-175.5942631282431,-251.66397093841059,137.5129103597902
2434.8860099126523,12394.935528774728,7607.838195449713,-115.1793975946098,-287.97843244316846,119.75057602539073
2669.3484426856976,12419.62092610706,7562.357567781198,-98.53380378938083,-271.2828280401143,136.31934194387685
2705.851849666353,12363.53096845247,7473.700653431777,-118.09876030953093,-115.45794545749017,-1.4189687351592175
2436.3460036686656,12462.105543668324,7353.499325549188,-149.9831646121261,-35.57318160325202,-73.28282770051203
2497.4933911029043,12453.99249996753,7263.222239424607,-190.0779216181838,0.342922814816031,-62.24208232668018
2610.6137397649345,12490.609003801426,7179.011545920473,-246.3005362439746,152.5750928281267,-88.83284564428969
2331.847572720766,12425.76912080874,7323.607427024617,-301.73727245956127,268.0145697978039,-97.02260719469989
2021.1582730483358,12402.169707373163,7405.282154125153,-314.81966005059854,277.3287532975715,-18.464055685739314
2220.0238692830835,12403.673856797204,7329.368605674617,-337.9349125805702,264.31297646488866,31.346737948010954
2381.838451398235,12406.933496663469,7436.552238615407,-327.72497414912755,374.73177356802574,43.98536832253913
2645.2079101010972,12396.719451832449,7320.935463787146,-340.7461863963986,466.8070151269458,29.190786628845665
2441.41196101839,12444.403089331932,7453.446081633674,-343.0421848928371,525.3817340980135,-16.203115063572294
1983.5830854219787,12403.245367629968,7410.035181629603,-373.75926675311734,509.69133559067967,46.64561924538466
1893.5113512315029,12427.55711024016,7449.308277568102,-361.65463492811733,372.2413447596429,116.13471167155355
2160.977454052126,12422.01052674605,7392.994348088749,-371.62987188089716,323.1656848655087,183.2740843769576
2165.819488867277,12366.013831805361,7559.301855776036,-372.84463273418083,263.7787407325616,195.72107848739532
2445.518502805179,12366.297012255453,7667.547413742786,-343.19386748362825,245.7787172036306,198.97756553239367
2608.0559771680932,12442.616189121876,7472.828459394196,-334.4600541461632,269.14880382580145,148.44007224239508
2403.7586088069315,12497.815113280716,7549.385195926112,-327.1959774804873,249.28458219726005,120.7397921162755
2406.0058387363383,12422.09642411342,7511.077717430148,-338.38177744050444,220.4122477314633,124.57676784319914
2410.1629251462878,12429.39181038123,7463.186856210691,-301.9940122581179,221.12382783796377,129.90977372553004
2397.9966368383584,12410.402068752992,7494.093738651659,-283.450942249422,196.0354555001514,88.93830952054955
2269.027024095529,12319.92928232592,7444.67772109588,-257.0169559672663,106.40515731933468,74.16875606416431
1353.436307022924,12313.776199147087,7878.906029968048,-215.87994400232284,-164.85693088386597,218.27111671725783
1443.5184096459775,12441.158249069977,7580.929288220699,-151.24899372596582,-376.0918337805527,384.46114430897694
2115.5305342374586,12484.7896026718,7319.096693992109,-189.79196806177683,-430.96415045637633,459.5372891247174
2556.7258741294077,12424.42826057097,7282.084392336831,-191.32396162095688,-430.46697929217584,433.6215236541861
2765.4737551222856,12400.179466989659,7233.414124917951,-224.04086811573882,-276.40049396342715,387.3984520840242
2905.1675514016406,12442.439706479763,7182.850609335042,-260.40863799647764,-119.54149165075684,305.4533818381876
2865.373956437552,12440.593443956548,7356.002268773178,-310.52701591345055,159.61051652991915,234.9708711005437
2744.548731108361,12430.69145510944,7229.849017425821,-359.81701593249915,487.66951769810345,201.6503021472167
2460.090864022,12338.786904141734,7459.057669697472,-516.5346098116144,1618.5091558099696,-108.69726858494266
2211.912072038051,12415.58728372076,7583.25163327174,-550.0582641214385,1829.586933136005,-130.0132665754838
2123.6041417826414,12423.327579021761,7528.0057395752165,-539.4238574350409,1652.1989763931251,-124.72440248592686
2313.296835149984,12406.758594516645,7816.918130390153,-481.4630743986526,1544.984528979826,-108.83306847424355
2105.851555943154,12394.824762446584,7967.636167610147,-419.8339757084544,1413.368069131506,-135.58125290601146
2278.4280014490946,12343.844158623928,7817.718482363742,-323.2090222946451,1316.8853460344408,-129.96054660405065
2392.6188494128382,12448.39533773436,7884.488012018508,-260.4764346776884,1109.9273488866666,-163.4227133267274
2215.0296190094314,12385.738810327508,7845.33088161039,-189.06380827894867,1113.6116067031107,-190.1075971992141
2012.2494242903194,12305.373297027161,7654.934528814816,-152.0446569922056,992.9552078326259,-155.2909105423271
2104.03221473805,12428.104490733733,7457.205338764127,-155.49431942533428,431.07819630919215,-155.54721963081954
2264.923448430688,12363.196396972675,7326.568554123517,-192.9492365132573,267.12242868046985,-145.36092496870248
2184.8627527375797,12400.169106017363,7532.308816271114,-206.10465506077455,155.6080826780972,-184.4233196640465
1953.417445634744,12474.068778830788,7476.665948069769,-232.4113746690705,104.98390972575699,-138.5497715370087
1997.7253565864119,12414.232218224994,7374.585775574527,-250.26769022744884,110.18035409936782,-107.78930050624024
2051.936768068248,12449.307125628753,7352.275191168544,-286.2664259098139,206.57888408545537,-64.11083642214727
1573.4655211427632,12412.521269870238,7435.779508677619,-321.95007308709694,135.1870608630588,21.933075312997342
1616.366990562583,12549.118318254186,7411.652994131872,-354.97468877825014,4.10175443807536,139.98327194811827
1979.807660407307,12320.543351843202,7655.018677683672,-341.791760830085,-30.274896852331416,180.40864215529572
2094.4806735946136,12381.463248757274,7685.785848934299,-292.8378265834052,-85.86664913255316,211.02135185878262
2297.0302544041856,12344.7558718767,7758.403915321281,-185.65985144083118,-122.57382590702521,232.92318218996226
2185.937896608744,12419.666571550622,7551.05297585086,-156.1318723650119,-238.43462353238564,206.320827160759
2020.4949642499857,12427.617066014689,7770.763990627292,-143.46181609780626,-400.0890455653556,205.41795917888848
2255.418656854452,12281.592751147005,7528.883554546171,-93.69102699524142,-563.4765814641928,181.22112037651465
2385.112620404269,12333.296209610518,7518.736999127071,-63.111492367069204,-563.558444044319,150.84517687142105
2460.3285957266007,12372.967736985893,7524.794069367268,-67.90166178694854,-525.8110998880999,106.15343904413245
2423.9960423006464,12396.131915128643,7404.431142094475,-76.59729823975951,-529.811131776854,62.783006580874016
2353.688913901205,12437.761901714144,7287.674236907325,-100.34771312403224,-505.94861067600806,38.96314534024376
2132.548110414,12489.375265890636,7249.115818289098,-126.15593348687888,-461.70381360725094,40.28977267094024
2042.259398396531,12418.948854155551,7384.048967195505,-174.96707948785144,-362.313061178559,96.38119203859573
2201.8467452156938,12401.94345320961,7395.239933828802,-178.75331260900467,-276.7867204632662,140.41996274153192
2141.8461609771434,12392.282841336433,7296.254755266742,-224.58543004864742,-172.37473081191592,166.33883107295551
1886.5776745876735,12383.991561489427,7547.462560120916,-236.79539597819914,-152.56166487780504,216.86835208479678
1769.3854102762295,12429.758043148902,7364.466367509456,-261.91966009310306,-171.68674533652515,280.2261384141893
1891.1947579433054,12399.843945188451,7452.717991364657,-273.71358657722976,-235.2889869396481,365.9807910711437
2012.4399144212457,12377.642520990716,7430.008249432613,-279.8811505462741,-300.4940497939867,425.71596019616413
2388.726816029727,12440.790663677582,7614.785130228783,-269.3325071237707,-348.35197252620077,417.1250683488932
2412.76987242817,12354.260029627972,7604.9524492676155,-250.90176103121232,-222.08106420078852,397.92760917013976
2511.4932568133468,12347.621209025749,7513.55688660589,-248.99231465986455,-175.70594442960603,319.2933726301992
2691.453373292827,12358.525203817422,7502.871940011548,-248.25457699765317,-64.08319489016145,268.30164954830207
2413.045864359266,12362.896109993831,7648.664816668034,-192.18853878288542,-48.86007973795841,206.64698761564617
2112.2893929995776,12497.747216395173,7703.5465918068585,-157.00521379853453,-158.4687529129267,207.33512013582188
2389.93256933821,12457.173483753788,7556.546028805994,-123.22157210569328,-176.32453861812786,210.09385658150617
3118.6267538326265,12372.202172233205,7349.075099932738,-154.32020522642784,-25.583879300766768,109.99413015034081
2906.5038197425506,12386.719885143139,7438.024312460484,-158.42036933290146,167.03930964723216,-25.68467754103534
2440.217182489188,12483.374789066773,7401.239071644329,-150.11698098810012,254.69178974801113,-78.76868340349951
2447.869080575003,12457.12850643774,7258.0996096311665,-185.58702442897155,296.9138211467545,-99.40989929039624
2470.777246873692,12457.95799933448,7281.575702930655,-247.65660727216215,249.3591152163189,-172.6154947106051
2155.740250438074,12467.97196081978,7655.354909562568,-294.95849428363033,110.27728950156009,-148.23898831915469
2412.902647598332,12488.316100209697,7548.0566006267945,-289.5209308350027,194.2888869525386,-198.6950411654017
2186.59195184284,12360.793911843208,7556.311283042127,-290.3908212680393,188.84660842165428,-206.5108937858606
1921.1664147702008,12371.116664979614,7409.405698867975,-293.9967901581675,170.206016826887,-164.31478786197957
2102.3326780262096,12442.030975962616,7400.30520302326,-309.20376530852525,232.37641254470603,-127.15093188949791
2020.3590046654585,12437.38061091149,7375.088797388288,-328.3003269831868,238.11661332395573,-80.22655699494602
1753.7051963542146,12456.50273364889,7445.806435693614,-323.06075980466363,240.45947225052888,-27.17242879059631
1728.992195470203,12434.698287325902,7403.352282970938,-354.97108309753474,248.2298398851457,88.78272877312561
1811.5568596900498,12328.603367202992,7410.836002589996,-374.8876368225641,227.60247085437246,149.70770695986644
2018.4520991804413,12342.650802706621,7521.420670404574,-366.2497971955627,135.82013716966017,220.99524664078245
2219.8999240577186,12327.583908842787,7728.649250049449,-329.0180531458738,-36.01644353732684,221.96312632171453
2163.582360420385,12399.154794026697,7738.891831980181,-294.8282944581994,-50.82420505674711,209.717859251719
2117.2206432140115,12428.841714753857,7696.131860921614,-247.40309677819934,-182.83002085179498,197.10924906193233
2098.8518447677397,12386.763587165386,7742.878310024128,-175.0037868270179,-307.27804442158254,225.025133720134
1887.8490551489335,12381.179102367787,7708.600596309943,-147.18568464525896,-384.45993651248085,229.66129661487005
2229.945641662422,12443.485489209392,7645.531021506381,-99.22977852469272,-343.6280818703753,261.4767028250782
2667.153116251289,12327.065903214949,7445.443157778186,-95.21319081639304,-173.03022262237374,225.84280306688765
2278.7976799749763,12437.848032676386,7444.44642459535,-97.36928357300766,-122.94206141338651,189.5196668160044
2289.2108546825157,12466.212344546726,7262.120970658147,-130.145307066899,66.5133289106203,191.2897988336207
2546.777488898455,12425.769142902556,7199.280288844993,-268.83292367346354,346.1706118082248,113.25414936512213
2862.629968840906,12391.90855576506,7237.62387682626,-302.47317622762483,479.7172447734533,24.62871338829889
3017.4709767068834,12397.796557044734,7430.999455875107,-329.8095306308782,695.437193026947,-108.45171358496441
2411.325215937512,12264.91373165106,7551.952840194405,-334.7955544379376,864.3298182444812,-178.66252938893905
1913.069390085878,12354.316218709633,7519.5233090655975,-325.07987169203255,862.0453908265068,-134.71557531059486
1911.7943582325895,12423.87647181824,7344.992994487853,-393.0373900709263,741.9535858984583,-97.18970527721804
1871.5684264314268,12418.720586589145,7584.2106218579665,-390.18653572701504,581.2365928554584,-42.31972507358119
1813.6346485397896,12439.426808006741,7664.482970463835,-354.82042897163905,363.0074874677655,17.43729110577423
1979.4645851294295,12359.185087811247,7715.771043877818,-330.34197965251605,117.49002815106338,37.3194479026774
2021.6570104980524,12365.567523747835,7537.15205523073,-218.13440003197198,-365.1794974625254,151.7289607469746
1942.8285665285775,12395.35077640057,7507.97124849902,-135.7339207827075,-637.6979986023159,328.9813052114864
2145.500528768676,12503.458866896619,7594.047497556133,-137.03993998172544,-649.5653719146959,346.69130255302076
2327.9674447881785,12327.571648632578,7504.409821912226,-138.69737850497515,-560.7806537086404,326.40551818677363
2539.0676305513803,12481.896749383975,7538.293651255147,-145.18960658571788,-477.85954985224834,276.40433945101796
2703.4385566279097,12441.990320980363,7315.579601688786,-179.06789084492254,-346.15967961553804,220.5729239311855
2628.4508307101337,12468.018847830252,7306.409839317093,-208.66564698270102,-168.72811022571832,134.77991900891672
2464.1813684223175,12457.675671494853,7401.195717147574,-226.8444614806938,10.233575139886995,102.95724259529923
2702.5903820353674,12437.485196790662,7274.606656944836,-266.10124420738975,222.609516565939,62.59513292898779
2518.093727449388,12440.147509857361,7280.234920952803,-324.6904203414977,346.98197137754767,-47.35234514676101
2312.3154317071935,12392.119330306496,7313.589479847366,-363.0558726059752,358.57850324551936,-47.1358709682309
2183.6149303250127,12454.15697646506,7471.371736746115,-377.86763297821915,331.8006487075176,-85.57508831185233
1908.8892945609618,12390.617038804827,7585.038797022456,-378.99852870259826,238.5096185452876,-66.1329935938898
1739.8321151330454,12433.948965707319,7665.333031811074,-382.5579806425087,118.48732536050899,-9.371581922320054
1710.3127850563494,12368.454274232949,7742.774190935646,-356.72461236270334,-35.964187759952175,72.43615154428338
1861.9491768320822,12367.602489184206,7724.080434023214,-298.3024356494544,-204.81046724669696,127.71806792765992
1865.075248636075,12375.84816737922,7931.45792102839,-227.09757328822369,-358.86678268590504,153.03770975921006
1721.6555350660462,12409.22762661678,7905.908106793407,-158.36260820949516,-579.7862577034065,234.72574999464598
1919.3358457030245,12334.489352421877,7852.592439737802,-96.63129172028466,-745.4906943421985,286.07343253587413
2051.399532067871,12331.917490453698,7701.139645981895,4.925102569423044,-901.2652934142382,354.5009678611498
2430.4568348724115,12250.572214733407,7627.837936755475,38.49312851380387,-934.6742293331837,331.87149917240345
3104.5625682415593,12417.184072908045,7321.80178919892,16.702549236566814,-591.5195521576197,236.67756654541117
3026.8403865589994,12357.071080581984,7370.5032805986475,9.000924900866027,-276.19499146980945,93.49670220091865
2611.4620321536772,12518.711630634449,7209.177984815985,-38.95159616937259,-61.78996808424044,5.35264835463106
2326.963785149532,12556.66577996304,6970.165237570261,-125.91100837094523,45.27536908332348,-22.00614652967717
1967.0751502594594,12377.042466704934,6934.513199808094,-241.07105428399748,63.56174155806694,23.02501321733265
2086.119896202288,12440.94412273899,6958.9010971618645,-339.1132762928075,144.15344397307453,53.58505301260271
2021.4922985295468,12456.603722488184,7181.906693002725,-428.3931040867889,260.94618939625946,86.79989014679597
1819.8933139329395,12479.541490804115,7327.561633630052,-445.89058900781254,243.34370730587008,177.3966066097305
2310.55093216993,12274.704774075133,7502.804045508974,-433.7075758803324,76.1296770681051,204.1139728768845
2363.118906172632,12371.06225485573,7723.11773728998,-376.00722786764226,122.84039761206145,200.78082846375557
2367.241785428565,12469.75437498377,7914.020049710177,-318.0902928114238,130.34951586492622,197.4129493302087
2525.5178788239396,12368.298975727696,7773.635140393078,-241.9717567538986,170.95627334496777,117.57890836385312
2277.8014328987924,12368.670958968312,7865.020001179541,-207.02577321257155,78.30428975668332,111.06028137512001
1932.907013765878,12371.332979458877,7701.702200731039,-145.9511815186999,-134.51797686448532,122.3826270993001
2172.8392247545835,12461.409899347678,7627.8070765007105,-132.53890195143813,-241.0793969007435,112.01088828562125
2125.5864811519345,12392.788183602812,7564.623171402353,-105.52447626225008,-346.4580857366666,118.30016108302372
2172.1143355004388,12416.764973318788,7603.973928771585,-66.74333789164812,-441.06413925268197,130.7578066156688
2456.409833084636,12504.80946029494,7404.132444760483,-93.13655994418325,-430.4225144849654,106.38985444532298
2568.215348954571,12407.928506088261,7262.154505800605,-91.18169644669737,-292.9868091202395,10.619871837381968
2680.0710598782853,12410.379396487797,7272.14752325982,-106.64394824064829,-75.56837250758426,-34.246321221697855
2518.865824773769,12573.80081870208,7190.0152398336895,-174.5145365869858,113.0737762626717,-73.51897967967601
2011.4089225893322,12468.29221762835,7158.891992089023,-236.79083543054497,160.09683753912185,-61.56363593447573
1667.2169430221616,12491.487655844703,7187.986524888624,-282.3774455125681,135.48851180555053,47.185066394884004
2073.7661573553614,12448.786266985786,7151.167072841037,-333.316412364149,206.25450885812634,102.92994837758717
2025.950392951731,12387.399531150228,7230.84523271354,-392.81248515912387,247.71843813273574,151.39477642783913
1806.7738983704028,12474.361788406744,7355.986119206445,-429.61045327334045,278.89023612771246,210.54207125269332
1816.1953400256327,12377.444163341912,7315.200079641619,-456.4948055665841,167.650911341888,276.3973180257395
2278.1260747105116,12337.449234327607,7570.21065404838,-500.45793526918374,-8.885684178248328,274.52230067154284
2305.2073151353134,12451.660443356457,7785.9453966323335,-429.38962880666986,-45.40144632019226,278.3023259257433
2272.844545561091,12370.64265992773,7893.9192141594285,-371.6792026732884,-126.29133567716683,252.34970613407015
2534.0701176425046,12434.843217499912,7617.551122484829,-352.59444268756226,-258.3066156141421,190.6880192516034
2163.7274326318825,12297.153847760053,7770.081272400423,-312.8544563453182,-458.6794970509669,154.11479845110213
1970.1551341089873,12436.397189179203,7940.787198536638,-211.21716803209006,-361.499239803067,216.13743366235843
2322.0941065305924,12403.67168248139,7596.121455367715,-148.28091872640738,-273.4539710527399,259.0789559135315
2825.878882588684,12391.946869592019,7755.702751799511,-115.61641320787572,20.072082349020118,159.17198643121444
2723.3568989733612,12358.031821120032,7850.155664719372,-70.95976432280024,206.6253359904064,70.28795357235633
2616.926382611665,12391.366862429531,7592.399567625616,-48.7099554026797,264.57089318078835,9.225169066763577
2600.589046666328,12500.696811152104,7395.880433574609,-86.49775548058695,196.89769101197504,-143.26940565906483
2613.3323901607228,12462.593250549271,7207.2517440270485,-117.04378476208396,198.8371886424102,-225.99123032143532
2352.0705488618573,12362.212397108653,7304.979724168143,-143.40693030575275,98.67613302882798,-258.1873524239307
1947.006143169863,12410.49665579352,7445.867523448029,-129.69318669099297,-7.676961595084246,-243.29920358524566
2082.420528531132,12433.20081039287,7316.8530632836955,-182.7691890662407,-92.10490883278773,-184.52209195302
2191.720398231976,12480.677832231684,7292.355768019591,-199.08749302291167,-0.08007585231703807,-175.64997367884314
2034.1845525128003,12490.919657402508,7218.017513350724,-248.8598939061034,166.9814005039954,-128.53110477183304
1774.6185606194754,12469.42991189355,7238.382617390721,-299.31926535862766,275.8115164282154,-39.97408285543102
1465.5510814905006,12440.790533703252,7265.16200830949,-345.1823745099184,203.38456176055118,97.89057674988251
1450.148414424328,12469.923491870748,7236.497682252498,-396.363846249498,42.820651082314996,247.94107666571227
2351.4921049631002,12435.748206780958,7523.458889063871,-438.41834236828674,-191.1495025500144,373.3012757218552
2486.107508047891,12355.803249144556,7798.382657724943,-377.6224933137944,-194.68527055686482,328.46680982520246
2597.3604347310907,12408.622115556285,7851.758745905877,-298.9512822684055,-131.85045335066297,255.32113060607233
2539.209261448147,12444.549045669608,7792.227519260167,-232.44438487246563,-73.41743801889295,194.3236398471116
2211.260559008339,12413.208177916416,7690.56940979102,-212.39614499036165,-101.95007229282602,139.86103935380447
2138.856278716773,12446.332735769129,7668.455702084784,-146.04660074801706,-208.83893205131713,141.43363083954614
2539.4128656674698,12466.165681452525,7481.714813205324,-121.42482566392853,-185.56371329976943,122.99042146151679
2805.8837205238747,12384.28868479271,7544.45308984578,-126.79730476082183,-64.68116749016474,3.5662001199147055
2429.33668521962,12477.097069910482,7519.327671417199,-122.77393141335189,-8.298958438923586,-67.2164604644106
1969.721067356696,12499.492866123079,7435.304401483075,-186.15857817671184,185.28070090954665,-147.7661426048779
1796.5180591658523,12442.802513659175,7441.463968183721,-188.21605842145485,93.9267246930198,-95.35477097990727
1757.8317903472541,12432.977064910025,7363.893044996109,-195.6892901305336,38.090299956545856,15.399518770776796
1769.6775842578566,12493.211863198712,7251.308225352586,-217.01784532456782,-9.015850107957782,77.35483100691715
1976.2571135782266,12433.028330159304,7343.604632594136,-274.71155924038965,-50.0711224446812,148.16702118752963
2212.8570679691825,12440.127665729327,7431.218880292623,-267.3146260747641,4.3464525427500655,155.22912471068122
2459.6339233004237,12418.874368109864,7529.40706057779,-239.80041979037563,68.1858404376623,152.96587648523806
2674.3635059151557,12391.434287457261,7601.154989981532,-254.02691473404838,159.70974732487815,85.5929217677683
2556.360243972372,12471.260019566964,7536.605683364799,-224.38687076923864,307.891738693797,6.767786727385584
2328.568498863718,12318.7750817555,7632.486833932998,-189.1465485837673,403.7652752316287,-19.41424139155821
2123.0879557696826,12434.127305393737,7481.06589597439,-157.36070282731365,300.05061316925037,6.124873023792498
1987.1210909597996,12536.202539713568,7470.689538938185,-176.74690996924187,209.85477875952674,11.735837542993034
1931.9166168905488,12481.587547540483,7368.892769501857,-183.87090020056843,162.6751161175477,62.645867481234774
2171.6143781197106,12530.463199412974,7379.272655391136,-240.55085536935704,201.8558288249214,58.27703734420983
2053.398648096071,12498.365989478902,7381.831930618682,-247.30866957206777,192.07733797313304,71.08627524967753
1567.7884840650122,12544.921305902613,7417.601358163369,-256.2410052896282,-65.85199537394612,145.15111195962893
1702.4414206264314,12566.110562269221,7261.542291592026,-268.37714692161563,-153.1424207024025,225.56776536032348
1803.4605346624744,12457.923940382036,7412.447542638246,-325.8354509887495,-271.7191283345764,289.17453439996774
1931.7199349486452,12369.989146926908,7661.294870069827,-309.8800547045719,-415.46559273848345,363.57737532442843
2410.574482768724,12417.60355383329,7635.31965011512,-257.87154473434765,-376.752014180866,332.94396076851757
2907.640346866016,12527.86271383331,7558.405442965038,-217.28820048013725,-188.8481706144423,135.91160133248596
2980.359629124848,12374.07561826994,7628.008460440291,-173.17610457413593,-21.274833036001418,27.40081300235592
2964.5325073675936,12506.125510866614,7658.263850870572,-165.878791484447,144.82378374702853,-107.54498856194675
2432.789523226204,12491.266224727782,7525.003108065976,-149.561188544868,141.2525694994446,-205.43492194518436
1904.8113631894867,12389.891267362016,7258.114052398476,-137.62089140883572,369.3804887901975,-161.007430468143
1685.9516105247562,12464.583842587821,7165.777977837252,-195.37812647219033,217.28347075139467,-113.06198466183535
1961.569721555061,12545.1267549888,7334.065114236117,-228.4897657293816,53.149290253061906,-66.55376498891897
2332.057139270487,12376.154644495527,7294.534853573698,-246.31911819867483,105.83326907223677,-77.39278473599458
2502.309576403926,12332.684962054036,7219.459972543451,-266.5856349976371,178.76214452711417,-156.8681855606414
1980.5585530588808,12536.85089220033,7592.307671194624,-266.8514408234267,42.2273682120042,-79.216882138472
1943.4328535712966,12488.766911714138,7553.110999782548,-238.67201938239145,12.6459060877937,-41.6339352165653
2126.2846082261726,12356.294544538841,7419.384068744909,-247.43511449153132,92.3849279927276,-31.381376169019738
2069.458186404217,12477.423584970393,7404.327093178457,-252.22199638395264,127.21369432717209,-14.91962837545557
2348.5679405775372,12460.25200019663,7461.080823749118,-258.7254312541482,183.6285527733971,-25.176637397137995
2021.429924510407,12431.17138399736,7532.566121849389,-238.01563772410807,116.68534149277313,-16.998457818017773
1992.256732704727,12474.587199671801,7436.159546587119,-235.45969917691906,36.47155619044694,5.3430306610336995
1920.196095978874,12432.886528219407,7350.046732903529,-240.53810206551833,41.977762753983384,59.56294317198363
2188.7985280565285,12403.023573958379,7317.239549714862,-271.1474921568527,191.95315068889616,98.54705450519457
2453.062139410591,12458.877309526211,7374.3714971647805,-302.0413736673693,372.96015525469187,21.57918039484454
2594.1649214992813,12575.183453690033,7439.241270134081,-316.74573019374907,574.0350809259168,-71.50199651480368
2241.5450897782457,12485.286870826507,7460.891528992456,-288.17584944638276,521.2959888397647,-118.13147858932497
1784.5853505574842,12398.742959506688,7421.082737792948,-307.4345989292926,434.08625956830815,-112.64055563503058
1785.8727917652363,12428.142953474566,7389.6786747483975,-302.1542447028355,305.80736328170127,-38.4588990363639
1940.791264691607,12377.798960868584,7346.019038759142,-301.8534141585661,271.7273685454375,6.403485050974006
1930.3408999790338,12399.329612464568,7549.661585033488,-302.8348478970598,217.583181023397,48.22455229751408
2089.116874731244,12415.950322550216,7540.649106002021,-272.0721654152648,200.56336847797823,60.18149685641059
2286.6894881809035,12358.511906027174,7625.293419410413,-236.51764873166573,214.36710999041904,5.639192155929845
2094.4295750190804,12407.026717157625,7826.735402698562,-162.10872177628696,126.86554349906675,-19.110666616404973
1785.5630968155485,12437.67023343417,7666.897995263512,-57.52001502342042,-103.14665363437024,55.80191632037785
1816.9648470957693,12409.23074315055,7563.213688065228,-8.220332607991956,-263.082399726616,142.7304061113152
1914.5392951927572,12480.819093742519,7516.576461101179,-10.569105307332013,-315.1513617140125,186.70792981697005
2116.684742643426,12441.738717841281,7434.22912144885,-33.29672195121684,-320.5449098252709,215.1001150134021
2523.998895985406,12467.737599164018,7178.666733099853,-62.36030737984366,-275.600052358994,150.03641567861527
2282.101848934767,12460.114181782257,7343.562769892364,-118.41908849218702,-189.95557945351504,128.20791080949095
2175.653016335547,12463.72140554889,7157.2470601099785,-157.48549232617918,-172.37076158763657,138.0253784560078
2294.9875096805463,12513.962020419016,7172.433206763537,-240.60038826213764,-109.79428615935056,108.48571969112936
2197.5044117380385,12515.584059662246,7425.54501741929,-252.3100389686628,-43.16119725234457,92.55096669686654
1766.7263090959295,12500.44714670007,7345.5803002214825,-278.9368573491297,-170.1712401870566,135.59382574714533
2095.806672147893,12509.62358832379,7581.712999866569,-300.00290854366307,265.5730878784815,-27.760489150210624
1918.6098837449656,12457.302922485469,7574.132533545393,-273.26796009735443,250.73262953419487,3.4580217870132928
1867.1907636660126,12422.670099968078,7555.898572490894,-248.70484256660646,215.34305923020727,51.102861307272335
1742.547384493191,12388.352096737119,7585.088642627608,-228.40594446653353,60.670653725155795,96.72554468456491
1875.3667198238068,12328.19059440047,7540.545539767795,-211.10857314280958,1.53034356618143,145.7252755666026
2110.705402693548,12490.06416315345,7626.661165739054,-188.78429999037257,37.96373787495451,148.0912911717921
2206.7874435347057,12556.665333551427,7558.639626408645,-137.04787849417784,74.23736117165798,185.49014264907933
2418.6039391525014,12448.857834158483,7449.003954287241,-152.30147564653717,146.1413567336195,143.3376696972548
2521.202448232532,12488.669568867594,7263.519938785107,-197.74320921516437,215.9835370995674,63.09695316098404
2154.2129036862557,12485.475621161599,7470.63073371893,-198.9350422772032,215.54608280968904,31.139920866815817
2064.72434241986,12587.808843933604,7198.185126837442,-219.43370460352617,41.55928985574859,108.90867879818677
2154.2356820227715,12509.030495757788,7130.1220954864275,-271.8677984656174,138.9540039750969,107.0965837376635
2226.2594615726466,12435.613897703195,7174.613466078491,-309.0321575706261,184.80301176081886,68.0838042874249
2052.8102282386435,12498.70689848966,7482.090474703019,-355.32795811916435,154.63324152480095,94.72211379900887
2200.610698104782,12435.675229730345,7481.3795735606145,-347.13996942793045,157.34132857334552,81.45925605114675
2306.801211547446,12420.845273094026,7472.59273040234,-318.1146683962496,128.92453786047915,56.52903408001094
2412.3667084781505,12495.583744427295,7643.714387838054,-285.6006930667616,203.1592244524849,8.402397611733928
2208.77706533842,12499.91316211473,7645.818895342502,-261.2485859515038,258.33901561098094,-29.988943892134436
2099.371396856498,12438.680412854432,7385.52429908208,-257.0209868245118,155.91181974698804,-54.855244376551674
1839.9572071094258,12488.056723469286,7514.920787136453,-236.31592455126784,49.86367660627461,-26.015435874012447
